# Logfile LoRaWAN TTN/TTS V3 logger version hka-log V 1.1
date_time;device_id;tmp;hum;CO2;VOC;vis;IR;WIFI;BLE;rssi;channel_rssi;snr;gateway;channel_index;spreading_factor;bandwidth;f_cnt
2023-05-31 00:14:34; hka-aqm-n002;  21.54;  35.42;   437;  1558;     9;     3;     0;     0;  -119;  -119;   1.8; drag-lps8-01; 1; 11; 125000; 16072
2023-05-31 00:29:42; hka-aqm-n002;  21.54;  35.59;   430;  1535;     7;     1;     1;     0;  -115;  -115;   2.0; drag-lps8-01; 4; 11; 125000; 16073
2023-05-31 00:44:49; hka-aqm-n002;  21.54;  35.79;   435;  1550;     7;     1;     1;     0;  -119;  -119;   1.8; drag-lps8-01; 7; 11; 125000; 16074
2023-05-31 00:59:56; hka-aqm-n002;  21.53;  35.99;   429;  1562;     7;     1;     0;     0;  -115;  -115;   2.8; drag-lps8-01; 0; 11; 125000; 16075
2023-05-31 01:15:05; hka-aqm-n002;  21.52;  36.19;   427;  1633;     7;     1;     0;     0;  -120;  -120;   2.0; drag-lps8-01; 1; 11; 125000; 16076
2023-05-31 01:30:12; hka-aqm-n002;  21.53;  36.35;   430;  1581;     9;     3;     1;     0;  -114;  -114;   1.5; drag-lps8-01; 4; 11; 125000; 16077
2023-05-31 01:45:19; hka-aqm-n002;  21.52;  36.45;   428;  1481;     9;     3;     1;     3;  -119;  -119;   1.0; drag-lps8-01; 3; 11; 125000; 16078
2023-05-31 02:00:26; hka-aqm-n002;  21.52;  36.59;   428;  1503;     7;     1;     0;     0;  -113;  -113;   1.2; drag-lps8-01; 2; 11; 125000; 16079
2023-05-31 02:15:34; hka-aqm-n002;  21.51;  36.79;   426;  1664;     7;     1;     0;     0;  -119;  -119;   1.0; drag-lps8-01; 5; 11; 125000; 16080
2023-05-31 02:30:41; hka-aqm-n002;  21.48;  36.85;   423;  1497;     7;     1;     1;     0;  -117;  -117;   2.0; drag-lps8-01; 0; 11; 125000; 16081
2023-05-31 02:45:48; hka-aqm-n002;  21.47;  36.98;   424;  1581;     9;     3;     1;     0;  -123;  -123;   0.5; drag-lps8-01; 6; 11; 125000; 16082
2023-05-31 03:00:55; hka-aqm-n002;  21.48;  37.08;   423;  1584;     7;     1;     0;     0;  -116;  -116;   2.2; drag-lps8-01; 7; 11; 125000; 16083
2023-05-31 03:16:02; hka-aqm-n002;  21.48;  37.25;   429;  1585;     7;     1;     0;     0;  -119;  -119;   0.8; drag-lps8-01; 3; 11; 125000; 16084
2023-05-31 03:31:09; hka-aqm-n002;  21.48;  37.28;   423;  1581;     7;     1;     1;     0;  -116;  -116;   2.2; drag-lps8-01; 7; 11; 125000; 16085
2023-05-31 03:46:16; hka-aqm-n002;  21.48;  37.38;   426;  1581;     7;     1;     1;     0;  -121;  -121;   2.0; drag-lps8-01; 0; 11; 125000; 16086
2023-05-31 04:01:23; hka-aqm-n002;  21.47;  37.45;   426;  1570;     9;     3;     0;     0;  -117;  -117;   1.8; drag-lps8-01; 1; 11; 125000; 16087
2023-05-31 04:16:31; hka-aqm-n002;  21.44;  37.58;   426;  1620;     7;     1;     1;     3;  -123;  -123;   1.5; drag-lps8-01; 4; 11; 125000; 16088
2023-05-31 04:31:39; hka-aqm-n002;  21.46;  37.65;   418;  1511;     7;     1;     1;     3;  -113;  -113;   1.5; drag-lps8-01; 5; 11; 125000; 16089
2023-05-31 04:46:46; hka-aqm-n002;  21.47;  37.71;   420;  1580;     9;     2;     1;     3;  -125;  -125;   1.0; drag-lps8-01; 2; 11; 125000; 16090
2023-05-31 05:01:53; hka-aqm-n002;  21.47;  37.81;   419;  1422;    10;     3;     1;     0;  -115;  -115;   0.8; drag-lps8-01; 6; 11; 125000; 16091
2023-05-31 05:17:00; hka-aqm-n002;  21.46;  37.84;   428;  1581;    10;     3;     1;     3;  -119;  -119;   2.2; drag-lps8-01; 0; 11; 125000; 16092
2023-05-31 05:24:39; hka-aqm-n002;  21.46;  37.91;   420;  1592;    63;    17;     1;     3;  -117;  -117;   0.8; drag-lps8-01; 2; 11; 125000; 16093
2023-05-31 05:26:10; hka-aqm-n002;  21.45;  38.11;   419;  1588;     8;     1;     1;     0;  -125;  -125;   1.2; drag-lps8-01; 5; 11; 125000; 16094
2023-05-31 05:41:20; hka-aqm-n002;  21.45;  37.94;   418;  1569;     8;     1;     1;     0;  -114;  -114;   1.0; drag-lps8-01; 6; 11; 125000; 16095
2023-05-31 05:56:27; hka-aqm-n002;  21.45;  38.04;   418;  1570;     9;     1;     0;     0;  -121;  -121;   2.0; drag-lps8-01; 1; 11; 125000; 16096
2023-05-31 06:11:34; hka-aqm-n002;  21.46;  38.11;   418;  1433;     9;     2;     0;     0;  -117;  -117;   2.2; drag-lps8-01; 7; 11; 125000; 16097
2023-05-31 06:26:41; hka-aqm-n002;  21.43;  38.24;   419;  1570;    10;     2;     1;     0;  -120;  -120;   1.5; drag-lps8-01; 3; 11; 125000; 16098
2023-05-31 06:41:48; hka-aqm-n002;  21.44;  38.31;   429;  1569;    11;     3;     1;     0;  -114;  -114;   1.8; drag-lps8-01; 4; 11; 125000; 16099
2023-05-31 06:56:56; hka-aqm-n002;  21.34;  39.16;   430;  1340;    13;     4;     0;     0;  -123;  -123;   1.8; drag-lps8-01; 3; 11; 125000; 16100
2023-05-31 07:12:03; hka-aqm-n002;  21.26;  39.85;   448;  1197;    20;     9;     0;     0;  -113;  -113;   1.2; drag-lps8-01; 1; 11; 125000; 16101
2023-05-31 07:27:10; hka-aqm-n002;  21.20;  39.59;   445;  1033;    32;    15;     0;     0;  -123;  -123;   2.2; drag-lps8-01; 4; 11; 125000; 16102
2023-05-31 07:42:17; hka-aqm-n002;  21.22;  38.64;   446;  1010;    62;    32;     1;     0;  -114;  -114;   1.8; drag-lps8-01; 5; 11; 125000; 16103
2023-05-31 07:57:26; hka-aqm-n002;  21.18;  38.01;   447;   922;    89;    47;     1;     0;  -125;  -125;   1.0; drag-lps8-01; 6; 11; 125000; 16104
2023-05-31 08:12:33; hka-aqm-n002;  21.16;  38.27;   447;   884;    94;    49;     1;     0;  -114;  -114;   1.5; drag-lps8-01; 2; 11; 125000; 16105
2023-05-31 08:27:40; hka-aqm-n002;  21.15;  38.77;   444;   813;    96;    50;     1;     0;  -121;  -121;   2.5; drag-lps8-01; 7; 11; 125000; 16106
2023-05-31 08:42:47; hka-aqm-n002;  21.15;  38.18;   443;   854;    95;    49;     1;     0;  -118;  -118;   3.0; drag-lps8-01; 0; 11; 125000; 16107
2023-05-31 08:57:54; hka-aqm-n002;  21.13;  38.18;   445;   830;    99;    52;     1;     0;  -125;  -125;   1.0; drag-lps8-01; 6; 11; 125000; 16108
2023-05-31 09:13:01; hka-aqm-n002;  21.13;  38.51;   440;   849;    94;    48;     1;     0;  -117;  -117;   0.8; drag-lps8-01; 7; 11; 125000; 16109
2023-05-31 09:14:32; hka-aqm-n002;  21.15;  39.07;   439;   850;   150;    63;     1;     0;  -125;  -125;   1.5; drag-lps8-01; 3; 11; 125000; 16110
2023-05-31 09:29:40; hka-aqm-n002;  21.24;  38.64;   455;   938;   176;    63;     1;     0;  -116;  -116;   3.5; drag-lps8-01; 0; 11; 125000; 16111
2023-05-31 09:46:17; hka-aqm-n002;  21.33;  38.67;   457;   897;   178;    65;     0;     1;  -118;  -118;  -0.8; drag-lps8-01; 5; 11; 125000; 16113
2023-05-31 10:01:27; hka-aqm-n002;  21.41;  39.13;   453;   884;   172;    61;     1;     0;  -122;  -122;  -0.8; drag-lps8-01; 4; 11; 125000; 16114
2023-05-31 10:18:05; hka-aqm-n002;  21.37;  39.07;   461;   889;   172;    60;     1;     0;  -121;  -121;   1.8; drag-lps8-01; 0; 11; 125000; 16116
2023-05-31 10:33:12; hka-aqm-n002;  21.43;  39.89;   459;   871;   172;    60;     1;     1;  -114;  -114;   2.0; drag-lps8-01; 4; 11; 125000; 16117
2023-05-31 10:48:20; hka-aqm-n002;  21.46;  40.08;   455;   872;   171;    61;     1;     0;  -123;  -123;   1.2; drag-lps8-01; 2; 11; 125000; 16118
2023-05-31 11:03:27; hka-aqm-n002;  21.50;  40.31;   456;   850;   168;    58;     1;     1;  -114;  -114;   1.2; drag-lps8-01; 6; 11; 125000; 16119
2023-05-31 11:18:34; hka-aqm-n002;  21.50;  41.33;   467;   849;   165;    56;     1;     1;  -123;  -123;   2.2; drag-lps8-01; 7; 11; 125000; 16120
2023-05-31 11:33:41; hka-aqm-n002;  21.51;  41.43;   451;   803;   158;    52;     1;     1;  -114;  -114;   3.2; drag-lps8-01; 1; 11; 125000; 16121
2023-05-31 11:48:49; hka-aqm-n002;  21.54;  41.89;   447;   865;   156;    51;     1;     1;  -125;  -125;   1.5; drag-lps8-01; 5; 11; 125000; 16122
2023-05-31 12:03:56; hka-aqm-n002;  21.56;  42.28;   446;   794;   154;    50;     1;     1;  -114;  -114;   2.8; drag-lps8-01; 3; 11; 125000; 16123
2023-05-31 12:19:03; hka-aqm-n002;  21.58;  41.04;   445;   756;   157;    52;     1;     1;  -115;  -115;   2.8; drag-lps8-01; 2; 11; 125000; 16124
2023-05-31 12:33:19; hka-aqm-n002;  21.59;  40.08;   444;   749;    85;    41;     1;     1;  -112;  -112;   5.0; drag-lps8-01; 7; 11; 125000; 16125
2023-05-31 12:48:27; hka-aqm-n002;  21.53;  39.56;   439;   659;    87;    42;     1;     0;  -117;  -117;   2.8; drag-lps8-01; 3; 11; 125000; 16126
2023-05-31 13:03:34; hka-aqm-n002;  21.48;  39.00;   440;   687;    81;    41;     1;     1;  -112;  -112;   3.8; drag-lps8-01; 5; 11; 125000; 16127
2023-05-31 13:18:41; hka-aqm-n002;  21.42;  39.36;   433;   633;    78;    38;     1;     1;  -125;  -125;   4.0; drag-lps8-01; 0; 11; 125000; 16128
2023-05-31 13:33:48; hka-aqm-n002;  21.40;  39.30;   433;   654;    75;    36;     1;     1;  -112;  -112;   4.2; drag-lps8-01; 1; 11; 125000; 16129
2023-05-31 13:48:55; hka-aqm-n002;  21.38;  39.30;   427;   659;    69;    34;     1;     1;  -117;  -117;   5.0; drag-lps8-01; 4; 11; 125000; 16130
2023-05-31 14:04:02; hka-aqm-n002;  21.37;  39.95;   426;   672;    65;    33;     1;     1;  -113;  -113;   4.5; drag-lps8-01; 6; 11; 125000; 16131
2023-05-31 14:19:10; hka-aqm-n002;  21.35;  39.33;   428;   685;    62;    31;     1;     1;  -117;  -117;   4.2; drag-lps8-01; 4; 11; 125000; 16132
2023-05-31 14:34:17; hka-aqm-n002;  21.39;  39.23;   429;   658;    61;    31;     1;     1;  -113;  -113;   3.5; drag-lps8-01; 7; 11; 125000; 16133
2023-05-31 14:49:24; hka-aqm-n002;  21.36;  38.77;   438;   652;    59;    31;     1;     1;  -119;  -119;   4.0; drag-lps8-01; 1; 11; 125000; 16134
2023-05-31 15:04:31; hka-aqm-n002;  21.36;  39.03;   433;   667;    57;    30;     1;     1;  -112;  -112;   3.2; drag-lps8-01; 2; 11; 125000; 16135
2023-05-31 15:21:08; hka-aqm-n002;  21.36;  39.43;   428;   680;    55;    27;     1;     1;  -119;  -119;   1.0; drag-lps8-01; 0; 11; 125000; 16137
2023-05-31 15:36:15; hka-aqm-n002;  21.37;  38.74;   435;   649;    53;    26;     1;     1;  -120;  -120;  -0.5; drag-lps8-01; 3; 11; 125000; 16138
2023-05-31 15:51:23; hka-aqm-n002;  21.38;  38.18;   432;   622;    50;    24;     1;     0;  -118;  -118;   0.5; drag-lps8-01; 5; 11; 125000; 16139
2023-05-31 16:06:30; hka-aqm-n002;  21.39;  37.48;   429;   642;    47;    23;     1;     1;  -118;  -118;   1.5; drag-lps8-01; 4; 11; 125000; 16140
2023-05-31 16:21:37; hka-aqm-n002;  21.37;  37.55;   429;   648;    45;    21;     1;     1;  -116;  -116;   0.8; drag-lps8-01; 5; 11; 125000; 16141
2023-05-31 16:36:44; hka-aqm-n002;  21.38;  36.72;   429;   650;    41;    19;     1;     1;  -119;  -119;   0.8; drag-lps8-01; 2; 11; 125000; 16142
2023-05-31 16:51:51; hka-aqm-n002;  21.36;  36.79;   435;   656;    37;    17;     1;     0;  -119;  -119;   0.8; drag-lps8-01; 7; 11; 125000; 16143
2023-05-31 17:06:58; hka-aqm-n002;  21.36;  36.52;   438;   649;    32;    15;     1;     1;  -120;  -120;   0.5; drag-lps8-01; 3; 11; 125000; 16144
2023-05-31 17:22:06; hka-aqm-n002;  21.36;  35.59;   435;   642;    28;    13;     1;     1;  -117;  -117;   0.5; drag-lps8-01; 6; 11; 125000; 16145
2023-05-31 17:37:13; hka-aqm-n002;  21.36;  35.26;   430;   648;    25;    11;     1;     1;  -120;  -120;   0.8; drag-lps8-01; 1; 11; 125000; 16146
2023-05-31 17:52:22; hka-aqm-n002;  21.34;  34.92;   429;   637;    23;    10;     1;     1;  -117;  -117;   1.0; drag-lps8-01; 0; 11; 125000; 16147
2023-05-31 18:07:29; hka-aqm-n002;  21.36;  34.69;   434;   629;    21;     9;     1;     1;  -120;  -120;   0.5; drag-lps8-01; 2; 11; 125000; 16148
2023-05-31 18:22:36; hka-aqm-n002;  21.34;  33.82;   429;   597;    20;     8;     1;     1;  -118;  -118; nan; drag-lps8-01; 7; 11; 125000; 16149
2023-05-31 18:37:43; hka-aqm-n002;  21.33;  33.82;   436;   708;    21;    10;     1;     1;  -120;  -120;  -0.5; drag-lps8-01; 3; 11; 125000; 16150
2023-05-31 18:52:51; hka-aqm-n002;  21.32;  33.66;   436;   583;    18;     6;     1;     1;  -116;  -116;   1.0; drag-lps8-01; 5; 11; 125000; 16151
2023-05-31 19:07:58; hka-aqm-n002;  21.32;  34.06;   429;   594;    15;     5;     1;     1;  -120;  -120;   0.5; drag-lps8-01; 1; 11; 125000; 16152
2023-05-31 19:23:05; hka-aqm-n002;  21.30;  34.12;   431;   639;    13;     4;     1;     1;  -118;  -118;   1.2; drag-lps8-01; 4; 11; 125000; 16153
2023-05-31 19:38:12; hka-aqm-n002;  21.28;  34.29;   434;   623;    12;     3;     1;     1;  -120;  -120;  -0.2; drag-lps8-01; 6; 11; 125000; 16154
2023-05-31 19:53:22; hka-aqm-n002;  21.30;  34.72;   434;   650;    11;     3;     1;     1;  -119;  -119;   1.0; drag-lps8-01; 0; 11; 125000; 16155
2023-05-31 20:08:29; hka-aqm-n002;  21.28;  35.26;   435;   728;    10;     2;     1;     1;  -121;  -121;   0.8; drag-lps8-01; 5; 11; 125000; 16156
2023-05-31 20:25:07; hka-aqm-n002;  21.27;  35.42;   437;   691;    10;     3;     1;     1;  -122;  -122;  -1.5; drag-lps8-01; 1; 11; 125000; 16158
2023-05-31 20:41:45; hka-aqm-n002;  21.26;  35.99;   436;   734;     9;     2;     1;     1;  -120;  -120;   1.0; drag-lps8-01; 4; 11; 125000; 16160
2023-05-31 20:56:52; hka-aqm-n002;  21.26;  36.32;   440;   771;     8;     1;     1;     1;  -118;  -118; nan; drag-lps8-01; 6; 11; 125000; 16161
2023-05-31 21:11:59; hka-aqm-n002;  21.22;  36.79;   438;   786;     7;     1;     1;     0;  -119;  -119;  -0.2; drag-lps8-01; 3; 11; 125000; 16162
2023-05-31 21:27:07; hka-aqm-n002;  21.22;  37.18;   441;   800;     7;     1;     1;     1;  -119;  -119;   1.0; drag-lps8-01; 0; 11; 125000; 16163
2023-05-31 21:42:15; hka-aqm-n002;  21.20;  37.65;   453;   826;    10;     3;     1;     1;  -120;  -120;   0.2; drag-lps8-01; 1; 11; 125000; 16164
2023-05-31 21:57:23; hka-aqm-n002;  21.24;  37.94;   458;   873;     7;     1;     1;     1;  -118;  -118;   0.5; drag-lps8-01; 0; 11; 125000; 16165
2023-05-31 22:12:30; hka-aqm-n002;  21.37;  37.71;   451;  1119;     7;     1;     1;     1;  -118;  -118;   0.2; drag-lps8-01; 5; 11; 125000; 16166
2023-05-31 22:27:37; hka-aqm-n002;  21.42;  37.55;   441;  1419;     7;     1;     1;     1;  -117;  -117;   0.8; drag-lps8-01; 7; 11; 125000; 16167
2023-05-31 22:42:44; hka-aqm-n002;  21.46;  37.55;   441;  1532;     7;     1;     1;     1;  -121;  -121;  -1.0; drag-lps8-01; 3; 11; 125000; 16168
2023-05-31 22:57:51; hka-aqm-n002;  21.48;  37.61;   445;  1632;     9;     2;     1;     1;  -117;  -117;   0.2; drag-lps8-01; 4; 11; 125000; 16169
2023-05-31 23:12:58; hka-aqm-n002;  21.48;  37.65;   441;  1686;     7;     1;     1;     1;  -120;  -120;  -0.2; drag-lps8-01; 6; 11; 125000; 16170
2023-05-31 23:29:36; hka-aqm-n002;  21.50;  37.71;   438;  1827;     7;     1;     1;     1;  -121;  -121;   0.2; drag-lps8-01; 5; 11; 125000; 16172
2023-05-31 23:44:43; hka-aqm-n002;  21.49;  37.84;   439;  1742;     9;     3;     1;     1;  -118;  -118;   0.2; drag-lps8-01; 1; 11; 125000; 16173
2023-05-31 23:59:50; hka-aqm-n002;  21.48;  37.88;   435;  1777;     7;     1;     1;     1;  -120;  -120;  -0.5; drag-lps8-01; 3; 11; 125000; 16174
