# Logfile LoRaWAN TTN/TTS V3 logger version hka-log V 1.1
date_time;device_id;tmp;hum;CO2;VOC;vis;IR;WIFI;BLE;rssi;channel_rssi;snr;gateway;channel_index;spreading_factor;bandwidth;f_cnt
2022-09-20 00:00:10; hka-aqm-n202;  24.37;  36.45;   452;   707;     5;     0;     1;     0;   -54;   -54;   6.5; drag-lps8-01; 5; 7; 125000; 965
2022-09-20 00:15:17; hka-aqm-n202;  24.33;  36.39;   455;   709;     5;     0;     2;     0;   -54;   -54;   8.0; drag-lps8-01; 1; 7; 125000; 966
2022-09-20 00:30:23; hka-aqm-n202;  24.36;  36.16;   450;   703;     6;     1;     0;     0;  -126;  -126;  -5.8; drag-outd-01; 7; 7; 125000; 967
2022-09-20 00:45:29; hka-aqm-n202;  24.32;  35.86;   450;   712;     5;     0;     1;     0;   -55;   -55;   7.8; drag-lps8-01; 3; 7; 125000; 968
2022-09-20 01:00:37; hka-aqm-n202;  24.37;  35.66;   451;   695;     5;     0;     2;     0;   -57;   -57;  10.0; drag-lps8-01; 0; 7; 125000; 969
2022-09-20 01:15:44; hka-aqm-n202;  24.30;  35.66;   456;   697;     5;     0;     1;     0;   -53;   -53;   8.5; drag-lps8-01; 6; 7; 125000; 970
2022-09-20 01:30:50; hka-aqm-n202;  24.34;  35.49;   452;   673;     5;     0;     1;     0;   -53;   -53;   7.2; drag-lps8-01; 4; 7; 125000; 971
2022-09-20 01:45:58; hka-aqm-n202;  24.35;  35.39;   458;   675;     6;     1;     2;     0;   -54;   -54;   7.0; drag-lps8-01; 5; 7; 125000; 972
2022-09-20 02:01:04; hka-aqm-n202;  24.33;  35.42;   453;   660;     5;     0;     1;     0;  -123;  -123;  -5.0; drag-outd-01; 2; 7; 125000; 973
2022-09-20 02:16:10; hka-aqm-n202;  24.32;  35.52;   452;   638;     5;     0;     0;     0;  -127;  -127;  -8.0; drag-outd-01; 6; 7; 125000; 974
2022-09-20 02:31:17; hka-aqm-n202;  24.33;  35.36;   452;   645;     6;     1;     2;     0;   -57;   -57;   8.8; drag-lps8-01; 0; 7; 125000; 975
2022-09-20 02:46:30; hka-aqm-n202;  24.29;  35.19;   450;   659;     5;     0;     1;     0;   -57;   -57;   9.0; drag-lps8-01; 3; 7; 125000; 977
2022-09-20 03:01:43; hka-aqm-n202;  24.34;  34.99;   450;   648;     6;     1;     2;     0;   -55;   -55;   9.2; drag-lps8-01; 1; 7; 125000; 979
2022-09-20 03:16:50; hka-aqm-n202;  24.39;  34.69;   451;   634;     5;     0;     1;     0;   -54;   -54;   6.5; drag-lps8-01; 5; 7; 125000; 980
2022-09-20 03:31:58; hka-aqm-n202;  24.31;  34.46;   452;   624;     5;     0;     2;     0;  -124;  -124;  -5.5; drag-outd-01; 2; 7; 125000; 981
2022-09-20 03:47:04; hka-aqm-n202;  24.34;  34.19;   446;   604;     5;     0;     2;     0;   -54;   -54;   8.2; drag-lps8-01; 6; 7; 125000; 982
2022-09-20 04:02:11; hka-aqm-n202;  24.27;  34.16;   447;   635;     5;     0;     0;     0;   -54;   -54;   7.0; drag-lps8-01; 5; 7; 125000; 983
2022-09-20 04:17:19; hka-aqm-n202;  24.36;  33.72;   449;   597;     5;     0;     2;     0;  -127;  -127;  -8.2; drag-outd-01; 7; 7; 125000; 984
2022-09-20 04:32:25; hka-aqm-n202;  24.34;  33.69;   442;   598;     5;     0;     1;     0;   -55;   -55;   9.5; drag-lps8-01; 1; 7; 125000; 985
2022-09-20 04:47:31; hka-aqm-n202;  24.31;  33.72;   447;   588;     5;     1;     1;     0;   -55;   -55;   9.0; drag-lps8-01; 4; 7; 125000; 986
2022-09-20 05:02:38; hka-aqm-n202;  24.34;  33.66;   442;   588;     5;     0;     2;     0;   -57;   -57;   9.0; drag-lps8-01; 3; 7; 125000; 987
2022-09-20 05:17:44; hka-aqm-n202;  24.34;  33.59;   443;   563;     5;     0;     0;     0;   -54;   -54;   6.0; drag-lps8-01; 2; 7; 125000; 988
2022-09-20 05:32:51; hka-aqm-n202;  24.34;  33.52;   442;   612;     5;     0;     0;     0;   -55;   -55;   8.8; drag-lps8-01; 0; 7; 125000; 989
2022-09-20 05:47:59; hka-aqm-n202;  24.29;  33.66;   449;   537;     6;     1;     2;     0;  -126;  -126;  -8.2; drag-outd-01; 6; 7; 125000; 990
2022-09-20 05:56:16; hka-aqm-n202;  24.36;  33.72;   447;   589;   369;    81;     2;     0;   -55;   -55;   8.5; drag-lps8-01; 0; 7; 125000; 991
2022-09-20 05:56:36; hka-aqm-n202;  24.34;  33.69;   446;   587;     5;    54;     1;     0;   -54;   -54;   6.5; drag-lps8-01; 2; 7; 125000; 992
2022-09-20 06:11:42; hka-aqm-n202;  24.32;  33.66;   446;   638;     6;     1;     1;     0;   -48;   -48;   6.5; drag-lps8-01; 5; 7; 125000; 993
2022-09-20 06:26:49; hka-aqm-n202;  24.31;  33.92;   449;   619;     6;     1;     0;     0;   -55;   -55;   9.5; drag-lps8-01; 1; 7; 125000; 994
2022-09-20 06:41:55; hka-aqm-n202;  24.32;  33.92;   451;   641;     5;     0;     0;     0;   -54;   -54;   8.8; drag-lps8-01; 4; 7; 125000; 995
2022-09-20 06:57:01; hka-aqm-n202;  24.32;  33.92;   450;   650;     5;     0;     1;     0;   -57;   -57;   9.2; drag-lps8-01; 3; 7; 125000; 996
2022-09-20 07:12:08; hka-aqm-n202;  24.25;  34.09;   447;   617;     6;     1;     1;     0;   -55;   -55;   8.5; drag-lps8-01; 7; 7; 125000; 997
2022-09-20 07:27:14; hka-aqm-n202;  24.31;  33.86;   457;   624;     8;     1;     0;     0;   -55;   -55;   9.8; drag-lps8-01; 6; 7; 125000; 998
2022-09-20 07:42:27; hka-aqm-n202;  24.34;  33.45;   449;   602;    12;     3;     1;     0;   -57;   -57;   8.5; drag-lps8-01; 7; 7; 125000; 1000
2022-09-20 07:57:40; hka-aqm-n202;  24.30;  33.49;   447;   606;    17;     4;     2;     0;  -122;  -122;  -5.5; drag-outd-01; 2; 7; 125000; 1002
2022-09-20 08:12:46; hka-aqm-n202;  24.35;  33.59;   451;   619;    18;     5;     1;     0;  -125;  -125;  -4.8; drag-outd-01; 0; 7; 125000; 1003
2022-09-20 08:27:52; hka-aqm-n202;  24.39;  33.76;   453;   666;    23;     5;     0;     0;   -55;   -55;   9.8; drag-lps8-01; 1; 7; 125000; 1004
2022-09-20 08:42:59; hka-aqm-n202;  24.32;  33.86;   444;   639;    22;     5;     2;     2;   -57;   -57;   9.2; drag-lps8-01; 3; 7; 125000; 1005
2022-09-20 08:58:05; hka-aqm-n202;  24.41;  33.72;   443;   596;    27;     7;     0;     2;   -54;   -54;   7.2; drag-lps8-01; 5; 7; 125000; 1006
2022-09-20 09:13:11; hka-aqm-n202;  24.35;  34.12;   449;   612;    30;     7;     0;     1;   -54;   -54;   7.2; drag-lps8-01; 2; 7; 125000; 1007
2022-09-20 09:28:19; hka-aqm-n202;  24.40;  34.32;   446;   634;    28;     9;     2;     7;  -124;  -124;  -5.5; drag-outd-01; 1; 7; 125000; 1008
2022-09-20 09:43:25; hka-aqm-n202;  24.39;  34.46;   441;   605;    36;     9;     1;     2;   -55;   -55;   9.5; drag-lps8-01; 6; 7; 125000; 1009
2022-09-20 09:58:31; hka-aqm-n202;  24.52;  34.06;   443;   602;    69;    20;     1;     0;   -54;   -54;   9.0; drag-lps8-01; 4; 7; 125000; 1010
2022-09-20 10:13:39; hka-aqm-n202;  24.52;  34.09;   436;   568;    53;    13;     3;     7;   -55;   -55;   8.5; drag-lps8-01; 3; 7; 125000; 1011
2022-09-20 10:28:45; hka-aqm-n202;  24.58;  34.16;   435;   579;    56;    14;     1;     0;  -126;  -126;  -6.5; drag-outd-01; 0; 7; 125000; 1012
2022-09-20 10:43:51; hka-aqm-n202;  24.61;  33.99;   435;   550;    78;    20;     2;     0;   -55;   -55;   8.8; drag-lps8-01; 7; 7; 125000; 1013
2022-09-20 10:58:59; hka-aqm-n202;  24.77;  33.72;   432;   553;   125;    34;     3;     7;   -57;   -57;   9.2; drag-lps8-01; 0; 7; 125000; 1014
2022-09-20 10:59:59; hka-aqm-n202;  24.74;  33.79;   431;   555;   369;   100;     3;     7;  -124;  -124;  -5.8; drag-outd-01; 2; 7; 125000; 1015
2022-09-20 11:00:18; hka-aqm-n202;  24.73;  33.79;   430;   594;   178;    49;     2;     0;   -54;   -54;   7.0; drag-lps8-01; 5; 7; 125000; 1016
2022-09-20 11:00:38; hka-aqm-n202;  24.78;  33.72;   429;   590;    95;    27;     1;     0;   -53;   -53;   8.2; drag-lps8-01; 4; 7; 125000; 1017
2022-09-20 11:01:39; hka-aqm-n202;  24.77;  33.72;   430;   565;   153;    42;     2;     0;  -129;  -129;  -8.0; drag-outd-01; 7; 7; 125000; 1018
2022-09-20 11:02:19; hka-aqm-n202;  24.76;  33.79;   429;   568;   189;    51;     2;     0;   -55;   -55;   9.0; drag-lps8-01; 6; 7; 125000; 1019
2022-09-20 11:02:38; hka-aqm-n202;  24.75;  33.79;   429;   587;   106;    31;     0;     0;   -55;   -55;   8.2; drag-lps8-01; 3; 7; 125000; 1020
2022-09-20 11:03:17; hka-aqm-n202;  24.72;  33.79;   433;   567;   219;    59;     1;     0;   -55;   -55;   9.0; drag-lps8-01; 1; 7; 125000; 1021
2022-09-20 11:03:37; hka-aqm-n202;  24.74;  33.76;   432;   573;   158;    44;     2;     0;   -55;   -55;   7.8; drag-lps8-01; 0; 7; 125000; 1023
2022-09-20 11:03:59; hka-aqm-n202;  24.80;  33.69;   432;   580;   263;    72;     2;     0;   -57;   -57;   8.2; drag-lps8-01; 4; 7; 125000; 1024
2022-09-20 11:04:19; hka-aqm-n202;  24.80;  33.66;   432;   584;   112;    31;     1;     0;   -55;   -55;   9.8; drag-lps8-01; 1; 7; 125000; 1026
2022-09-20 11:15:58; hka-aqm-n202;  24.90;  32.78;   431;   549;   239;    65;     2;     1;   -57;   -57;   9.2; drag-lps8-01; 7; 7; 125000; 1027
2022-09-20 11:16:20; hka-aqm-n202;  24.84;  32.72;   430;   544;   389;   103;     2;     1;   -57;   -57;   9.0; drag-lps8-01; 3; 7; 125000; 1028
2022-09-20 11:16:38; hka-aqm-n202;  24.85;  32.58;   429;   540;   454;   118;     2;     1;   -54;   -54;   7.0; drag-lps8-01; 5; 7; 125000; 1029
2022-09-20 11:16:58; hka-aqm-n202;  24.80;  32.52;   429;   537;   540;   140;     2;     0;   -54;   -54;   6.5; drag-lps8-01; 2; 7; 125000; 1030
2022-09-20 11:17:57; hka-aqm-n202;  24.88;  32.58;   437;   531;  1114;   297;     2;     0;  -126;  -126;  -5.8; drag-outd-01; 7; 7; 125000; 1031
2022-09-20 11:18:17; hka-aqm-n202;  24.87;  32.58;   434;   552;   795;   209;     1;     0;   -55;   -55;   8.8; drag-lps8-01; 4; 7; 125000; 1032
2022-09-20 11:18:38; hka-aqm-n202;  24.79;  32.45;   432;   548;   668;   174;     1;     0;   -54;   -54;   6.5; drag-lps8-01; 5; 7; 125000; 1033
2022-09-20 11:18:58; hka-aqm-n202;  24.84;  32.45;   431;   537;   756;   198;     1;     0;  -126;  -126;  -8.0; drag-outd-01; 6; 7; 125000; 1034
2022-09-20 11:19:18; hka-aqm-n202;  24.82;  32.45;   430;   529;   596;   154;     0;     0;  -126;  -126;  -5.5; drag-outd-01; 0; 7; 125000; 1035
2022-09-20 11:19:39; hka-aqm-n202;  24.86;  32.45;   429;   526;   531;   137;     2;     0;  -124;  -124;  -5.0; drag-outd-01; 1; 7; 125000; 1036
2022-09-20 11:19:58; hka-aqm-n202;  24.95;  32.35;   429;   514;   695;   181;     2;     0;   -57;   -57;   8.2; drag-lps8-01; 3; 7; 125000; 1037
2022-09-20 11:20:19; hka-aqm-n202;  24.92;  32.25;   429;   501;   934;   247;     1;     0;   -55;   -55;   9.0; drag-lps8-01; 4; 7; 125000; 1038
2022-09-20 11:20:38; hka-aqm-n202;  24.96;  32.11;   429;   525;   830;   219;     0;     0;  -126;  -126;  -6.5; drag-outd-01; 7; 7; 125000; 1039
2022-09-20 11:21:17; hka-aqm-n202;  24.95;  32.01;   433;   531;   749;   195;     1;     0;   -57;   -57;   8.8; drag-lps8-01; 0; 7; 125000; 1040
2022-09-20 11:22:00; hka-aqm-n202;  25.04;  31.84;   428;   534;  1084;   286;     2;     0;   -55;   -55;   8.5; drag-lps8-01; 6; 7; 125000; 1041
2022-09-20 11:22:19; hka-aqm-n202;  24.97;  31.78;   427;   538;  1022;   269;     2;     0;   -54;   -54;   6.5; drag-lps8-01; 2; 7; 125000; 1042
2022-09-20 11:22:39; hka-aqm-n202;  25.00;  31.74;   426;   513;   809;   211;     0;     0;   -55;   -55;   9.5; drag-lps8-01; 1; 7; 125000; 1043
2022-09-20 11:22:59; hka-aqm-n202;  25.05;  31.81;   426;   514;   702;   182;     2;     0;   -55;   -55;   9.2; drag-lps8-01; 3; 7; 125000; 1044
2022-09-20 11:23:20; hka-aqm-n202;  25.01;  31.68;   427;   521;   786;   206;     2;     0;   -54;   -54;   7.0; drag-lps8-01; 5; 7; 125000; 1045
2022-09-20 11:23:39; hka-aqm-n202;  25.07;  31.74;   426;   524;  1314;   353;     1;     1;  -129;  -129;  -9.0; drag-outd-01; 7; 7; 125000; 1047
2022-09-20 11:24:00; hka-aqm-n202;  25.02;  31.64;   426;   521;  1092;   292;     1;     1;   -54;   -54;   8.2; drag-lps8-01; 6; 7; 125000; 1049
2022-09-20 11:24:37; hka-aqm-n202;  25.03;  31.74;   430;   521;  1265;   339;     1;     0;   -55;   -55;   8.5; drag-lps8-01; 0; 7; 125000; 1050
2022-09-20 11:24:59; hka-aqm-n202;  25.08;  31.71;   428;   523;  1002;   264;     2;     0;  -125;  -125;  -5.8; drag-outd-01; 2; 7; 125000; 1051
2022-09-20 11:25:39; hka-aqm-n202;  25.03;  31.78;   431;   540;   709;   183;     2;     0;   -57;   -57;   9.0; drag-lps8-01; 3; 7; 125000; 1052
2022-09-20 11:25:58; hka-aqm-n202;  25.06;  31.91;   429;   536;   563;   145;     1;     0;   -53;   -53;   6.2; drag-lps8-01; 5; 7; 125000; 1053
2022-09-20 11:26:59; hka-aqm-n202;  25.04;  32.05;   430;   534;   384;    98;     3;     1;   -55;   -55;   9.5; drag-lps8-01; 4; 7; 125000; 1054
2022-09-20 11:28:00; hka-aqm-n202;  25.08;  32.11;   431;   522;   277;    72;     2;     1;  -124;  -124;  -5.8; drag-outd-01; 1; 7; 125000; 1055
2022-09-20 11:28:18; hka-aqm-n202;  25.02;  32.18;   429;   536;   333;    85;     2;     1;   -55;   -55;   8.5; drag-lps8-01; 7; 7; 125000; 1056
2022-09-20 11:28:38; hka-aqm-n202;  25.03;  32.25;   428;   544;   411;   105;     2;     0;   -54;   -54;   7.0; drag-lps8-01; 2; 7; 125000; 1057
2022-09-20 11:28:59; hka-aqm-n202;  25.04;  32.28;   427;   540;   310;    80;     1;     0;   -54;   -54;   7.5; drag-lps8-01; 6; 7; 125000; 1058
2022-09-20 11:30:00; hka-aqm-n202;  25.10;  32.25;   426;   543;   309;    80;     2;     1;   -55;   -55;   9.0; drag-lps8-01; 3; 7; 125000; 1059
2022-09-20 11:30:57; hka-aqm-n202;  25.10;  32.18;   428;   564;   234;    61;     2;     0;   -53;   -53;   7.0; drag-lps8-01; 5; 7; 125000; 1060
2022-09-20 11:46:04; hka-aqm-n202;  24.90;  32.05;   423;   517;    62;    16;     1;     0;   -57;   -57;   8.2; drag-lps8-01; 0; 7; 125000; 1061
2022-09-20 11:57:19; hka-aqm-n202;  24.79;  32.08;   423;   544;   201;    52;     2;     1;   -55;   -55;   9.2; drag-lps8-01; 1; 7; 125000; 1062
2022-09-20 11:57:59; hka-aqm-n202;  24.82;  32.18;   423;   555;   225;    59;     1;     0;   -54;   -54;   8.2; drag-lps8-01; 4; 7; 125000; 1063
2022-09-20 11:58:18; hka-aqm-n202;  24.81;  32.15;   423;   593;   560;   144;     1;     0;   -57;   -57;  10.0; drag-lps8-01; 3; 7; 125000; 1064
2022-09-20 11:58:39; hka-aqm-n202;  24.86;  32.18;   423;   579;  1133;   295;     1;     0;   -53;   -53;   7.2; drag-lps8-01; 2; 7; 125000; 1065
2022-09-20 11:58:59; hka-aqm-n202;  24.84;  32.25;   423;   569;   994;   258;     1;     0;   -54;   -54;   8.0; drag-lps8-01; 7; 7; 125000; 1066
2022-09-20 11:59:38; hka-aqm-n202;  24.84;  32.25;   423;   559;   796;   205;     1;     0;  -125;  -125;  -7.0; drag-outd-01; 6; 7; 125000; 1067
2022-09-20 12:00:20; hka-aqm-n202;  24.80;  32.18;   423;   545;   756;   196;     1;     0;   -55;   -55;   6.5; drag-lps8-01; 5; 7; 125000; 1068
2022-09-20 12:01:37; hka-aqm-n202;  24.82;  31.71;   429;   546;   632;   162;     1;     0;   -55;   -55;   7.2; drag-lps8-01; 2; 7; 125000; 1070
2022-09-20 12:01:58; hka-aqm-n202;  24.87;  31.64;   427;   551;   782;   203;     1;     0;   -55;   -55;   9.0; drag-lps8-01; 6; 7; 125000; 1071
2022-09-20 12:02:37; hka-aqm-n202;  24.90;  31.58;   429;   544;   697;   179;     1;     0;  -127;  -127;  -6.8; drag-outd-01; 7; 7; 125000; 1073
2022-09-20 12:02:59; hka-aqm-n202;  24.95;  31.58;   427;   544;   637;   164;     1;     0;   -54;   -54;   7.5; drag-lps8-01; 5; 7; 125000; 1074
2022-09-20 12:03:59; hka-aqm-n202;  24.98;  31.51;   423;   535;   446;   116;     2;     0;   -57;   -57;   9.0; drag-lps8-01; 0; 7; 125000; 1075
2022-09-20 12:04:19; hka-aqm-n202;  25.01;  31.54;   423;   539;   528;   138;     2;     0;   -54;   -54;   8.5; drag-lps8-01; 1; 7; 125000; 1076
2022-09-20 12:04:39; hka-aqm-n202;  24.95;  31.37;   423;   543;   587;   152;     1;     0;   -55;   -55;   8.8; drag-lps8-01; 4; 7; 125000; 1077
2022-09-20 12:05:17; hka-aqm-n202;  24.96;  31.41;   427;   535;   640;   168;     1;     0;   -53;   -53;   7.5; drag-lps8-01; 2; 7; 125000; 1078
2022-09-20 12:05:38; hka-aqm-n202;  24.92;  31.37;   425;   541;   397;   105;     1;     0;  -127;  -127;  -7.8; drag-outd-01; 6; 7; 125000; 1079
2022-09-20 12:05:59; hka-aqm-n202;  24.96;  31.44;   425;   551;   486;   128;     1;     0;   -57;   -57;  10.0; drag-lps8-01; 7; 7; 125000; 1080
2022-09-20 12:06:20; hka-aqm-n202;  25.01;  31.34;   425;   591;   433;   115;     1;     0;  -126;  -126;  -5.8; drag-outd-01; 0; 7; 125000; 1081
2022-09-20 12:06:40; hka-aqm-n202;  24.97;  31.20;   425;   586;   318;    85;     1;     0;   -55;   -55;   7.8; drag-lps8-01; 3; 7; 125000; 1082
2022-09-20 12:21:46; hka-aqm-n202;  24.86;  30.90;   425;   550;    54;    14;     0;     0;   -55;   -55;   9.0; drag-lps8-01; 1; 7; 125000; 1083
2022-09-20 12:36:52; hka-aqm-n202;  24.74;  31.31;   420;   494;    31;     8;     1;     0;   -54;   -54;   9.5; drag-lps8-01; 4; 7; 125000; 1084
2022-09-20 12:45:59; hka-aqm-n202;  24.80;  31.44;   420;   520;   360;    92;     2;     1;   -54;   -54;   6.8; drag-lps8-01; 5; 7; 125000; 1085
2022-09-20 12:46:19; hka-aqm-n202;  24.78;  31.58;   420;   555;   113;    29;     1;     0;  -126;  -126;  -6.5; drag-outd-01; 0; 7; 125000; 1086
2022-09-20 12:47:58; hka-aqm-n202;  24.86;  31.51;   425;   541;  1515;   405;     2;     0;   -57;   -57;   8.2; drag-lps8-01; 7; 7; 125000; 1087
2022-09-20 12:48:37; hka-aqm-n202;  24.98;  31.37;   427;   522;   581;   178;     0;     0;   -52;   -52;   6.8; drag-lps8-01; 5; 7; 125000; 1088
2022-09-20 12:48:58; hka-aqm-n202;  25.08;  31.34;   424;   551;   426;   131;     2;     0;   -55;   -55;   9.2; drag-lps8-01; 6; 7; 125000; 1089
2022-09-20 12:51:39; hka-aqm-n202;  25.08;  31.51;   420;   547;   210;    56;     2;     0;   -55;   -55;   9.5; drag-lps8-01; 1; 7; 125000; 1090
2022-09-20 12:51:58; hka-aqm-n202;  25.06;  31.37;   420;   548;   297;    77;     0;     0;  -126;  -126;  -6.5; drag-outd-01; 2; 7; 125000; 1091
2022-09-20 12:52:19; hka-aqm-n202;  25.04;  31.37;   420;   538;   367;    99;     0;     0;   -57;   -57;   9.2; drag-lps8-01; 3; 7; 125000; 1092
2022-09-20 12:52:39; hka-aqm-n202;  25.05;  31.31;   420;   536;   246;    64;     0;     0;  -127;  -127;  -7.8; drag-outd-01; 2; 7; 125000; 1094
2022-09-20 12:53:00; hka-aqm-n202;  25.04;  31.20;   420;   530;   185;    49;     2;     0;   -55;   -55;   9.2; drag-lps8-01; 4; 7; 125000; 1095
2022-09-20 12:54:59; hka-aqm-n202;  25.14;  31.07;   425;   539;   115;    30;     2;     0;   -54;   -54;   8.0; drag-lps8-01; 6; 7; 125000; 1097
2022-09-20 13:08:39; hka-aqm-n202;  25.09;  31.00;   421;   531;   110;    29;     2;     0;   -55;   -55;   9.5; drag-lps8-01; 3; 7; 125000; 1098
2022-09-20 13:23:45; hka-aqm-n202;  24.80;  30.09;   421;   497;    65;    17;     1;     1;   -55;   -55;   8.8; drag-lps8-01; 0; 7; 125000; 1099
2022-09-20 13:33:38; hka-aqm-n202;  24.81;  30.43;   424;   540;    51;    13;     2;     3;   -55;   -55;   7.0; drag-lps8-01; 5; 7; 125000; 1100
2022-09-20 13:48:44; hka-aqm-n202;  24.82;  29.75;   418;   535;    34;     9;     1;     1;  -127;  -127;  -6.8; drag-outd-01; 7; 7; 125000; 1101
2022-09-20 13:50:58; hka-aqm-n202;  24.82;  29.69;   419;   552;   232;    57;     2;     1;   -52;   -52;   7.0; drag-lps8-01; 5; 7; 125000; 1102
2022-09-20 13:51:19; hka-aqm-n202;  24.82;  29.48;   418;   544;   869;   219;     2;     0;   -54;   -54;   8.2; drag-lps8-01; 3; 7; 125000; 1103
2022-09-20 13:52:00; hka-aqm-n202;  24.78;  29.42;   418;   518;   536;   136;     1;     0;   -57;   -57;   9.0; drag-lps8-01; 0; 7; 125000; 1104
2022-09-20 13:52:20; hka-aqm-n202;  24.90;  29.35;   418;   515;  1774;   458;     1;     0;   -54;   -54;   7.8; drag-lps8-01; 6; 7; 125000; 1105
2022-09-20 13:52:40; hka-aqm-n202;  24.82;  29.21;   418;   513;  1842;   474;     1;     0;   -53;   -53;   6.8; drag-lps8-01; 2; 7; 125000; 1106
2022-09-20 13:52:59; hka-aqm-n202;  24.84;  29.28;   418;   511;  1702;   439;     0;     0;  -126;  -126;  -6.0; drag-outd-01; 7; 7; 125000; 1107
2022-09-20 13:53:20; hka-aqm-n202;  24.86;  29.21;   418;   504;  1874;   482;     2;     0;   -54;   -54;   8.5; drag-lps8-01; 1; 7; 125000; 1108
2022-09-20 13:53:39; hka-aqm-n202;  24.88;  29.25;   418;   502;  1991;   510;     2;     0;   -54;   -54;   8.8; drag-lps8-01; 4; 7; 125000; 1109
2022-09-20 13:54:19; hka-aqm-n202;  24.86;  29.14;   422;   505;  1929;   496;     1;     0;   -53;   -53;   6.5; drag-lps8-01; 5; 7; 125000; 1110
2022-09-20 13:54:39; hka-aqm-n202;  24.92;  29.21;   420;   495;  1851;   473;     1;     1;   -55;   -55;   9.5; drag-lps8-01; 3; 7; 125000; 1111
2022-09-20 13:55:00; hka-aqm-n202;  24.98;  29.21;   419;   493;  1620;   417;     1;     1;  -126;  -126;  -6.5; drag-outd-01; 2; 7; 125000; 1112
2022-09-20 13:55:20; hka-aqm-n202;  25.01;  29.18;   418;   495;  1911;   491;     2;     1;   -55;   -55;   8.5; drag-lps8-01; 6; 7; 125000; 1113
2022-09-20 13:55:58; hka-aqm-n202;  25.06;  29.04;   421;   497;  2265;   581;     2;     1;   -53;   -53;   7.5; drag-lps8-01; 1; 7; 125000; 1114
2022-09-20 13:56:19; hka-aqm-n202;  25.10;  28.94;   419;   527;  2203;   566;     1;     0;   -57;   -57;   9.8; drag-lps8-01; 7; 7; 125000; 1115
2022-09-20 13:56:59; hka-aqm-n202;  25.13;  28.81;   417;   534;  1949;   500;     2;     0;   -57;   -57;   8.5; drag-lps8-01; 0; 7; 125000; 1116
2022-09-20 13:57:19; hka-aqm-n202;  25.18;  28.74;   417;   542;  1550;   400;     1;     0;  -126;  -126;  -7.5; drag-outd-01; 1; 7; 125000; 1118
2022-09-20 13:57:40; hka-aqm-n202;  25.18;  28.74;   417;   543;   261;    64;     1;     0;   -54;   -54;   6.5; drag-lps8-01; 5; 7; 125000; 1120
2022-09-20 13:58:00; hka-aqm-n202;  25.18;  28.74;   417;   547;   175;    46;     1;     0;   -57;   -57;   9.2; drag-lps8-01; 0; 7; 125000; 1121
2022-09-20 14:06:18; hka-aqm-n202;  25.02;  28.33;   422;   545;   200;    53;     2;     0;   -53;   -53;   6.0; drag-lps8-01; 2; 7; 125000; 1122
2022-09-20 14:06:40; hka-aqm-n202;  25.12;  28.47;   420;   574;  1330;   353;     2;     0;   -54;   -54;   7.2; drag-lps8-01; 6; 7; 125000; 1123
2022-09-20 14:06:59; hka-aqm-n202;  25.12;  28.40;   419;   576;  1717;   432;     1;     0;   -55;   -55;   9.5; drag-lps8-01; 4; 7; 125000; 1124
2022-09-20 14:07:19; hka-aqm-n202;  25.12;  28.53;   418;   575;  2565;   637;     1;     0;   -57;   -57;   8.8; drag-lps8-01; 7; 7; 125000; 1125
2022-09-20 14:07:39; hka-aqm-n202;  25.08;  28.60;   417;   573;  2140;   527;     1;     0;   -57;   -57;   9.8; drag-lps8-01; 3; 7; 125000; 1126
2022-09-20 14:08:18; hka-aqm-n202;  25.06;  28.60;   421;   579;  2445;   608;     2;     0;   -54;   -54;   6.8; drag-lps8-01; 5; 7; 125000; 1127
2022-09-20 14:08:38; hka-aqm-n202;  25.05;  28.64;   419;   581;  1607;   405;     2;     0;   -57;   -57;   9.2; drag-lps8-01; 7; 7; 125000; 1128
2022-09-20 14:08:59; hka-aqm-n202;  25.10;  28.74;   418;   588;   271;    76;     0;     0;   -55;   -55;   9.5; drag-lps8-01; 4; 7; 125000; 1129
2022-09-20 14:12:38; hka-aqm-n202;  25.03;  28.57;   417;   551;   287;    72;     2;     0;   -55;   -55;   8.2; drag-lps8-01; 1; 7; 125000; 1130
2022-09-20 14:13:19; hka-aqm-n202;  25.06;  28.87;   417;   553;   304;    75;     1;     0;  -125;  -125;  -5.8; drag-outd-01; 2; 7; 125000; 1131
2022-09-20 14:15:39; hka-aqm-n202;  24.98;  29.01;   421;   524;   434;   107;     2;     0;   -54;   -54;   6.8; drag-lps8-01; 6; 7; 125000; 1132
2022-09-20 14:16:18; hka-aqm-n202;  24.97;  28.87;   423;   503;   677;   164;     1;     0;   -55;   -55;   7.8; drag-lps8-01; 0; 7; 125000; 1133
2022-09-20 14:16:58; hka-aqm-n202;  24.98;  28.84;   419;   506;   614;   150;     2;     0;   -55;   -55;  10.2; drag-lps8-01; 6; 7; 125000; 1134
2022-09-20 14:17:20; hka-aqm-n202;  25.03;  29.01;   418;   511;  1428;   355;     2;     0;   -57;   -57;   9.8; drag-lps8-01; 0; 7; 125000; 1135
2022-09-20 14:17:39; hka-aqm-n202;  25.02;  29.08;   417;   517;  1869;   471;     1;     0;  -126;  -126;  -6.2; drag-outd-01; 7; 7; 125000; 1136
2022-09-20 14:17:59; hka-aqm-n202;  25.04;  29.25;   417;   519;  1965;   493;     1;     0;   -54;   -54;   7.8; drag-lps8-01; 4; 7; 125000; 1137
2022-09-20 14:18:38; hka-aqm-n202;  24.98;  29.35;   421;   520;  1867;   470;     1;     0;   -53;   -53;   6.8; drag-lps8-01; 2; 7; 125000; 1138
2022-09-20 14:18:58; hka-aqm-n202;  25.01;  29.48;   419;   519;  1993;   504;     2;     0;   -55;   -55;   9.8; drag-lps8-01; 3; 7; 125000; 1139
2022-09-20 14:24:19; hka-aqm-n202;  25.10;  29.28;   417;   509;  1892;   473;     2;     0;   -57;   -57;   5.8; drag-lps8-01; 5; 7; 125000; 1141
2022-09-20 14:24:39; hka-aqm-n202;  25.12;  29.18;   417;   505;  1838;   456;     2;     0;   -57;   -57;   8.8; drag-lps8-01; 3; 7; 125000; 1142
2022-09-20 14:24:59; hka-aqm-n202;  25.14;  29.21;   417;   513;  1672;   413;     1;     0;   -54;   -54;   6.2; drag-lps8-01; 2; 7; 125000; 1144
2022-09-20 14:25:19; hka-aqm-n202;  25.18;  29.01;   417;   525;  1422;   353;     1;     0;   -57;   -57;   9.2; drag-lps8-01; 0; 7; 125000; 1145
2022-09-20 14:25:40; hka-aqm-n202;  25.16;  28.87;   417;   523;  1221;   302;     2;     0;   -54;   -54;   7.2; drag-lps8-01; 5; 7; 125000; 1146
2022-09-20 14:26:00; hka-aqm-n202;  25.16;  28.94;   417;   516;   803;   197;     2;     0;   -55;   -55;   8.5; drag-lps8-01; 1; 7; 125000; 1147
2022-09-20 14:26:38; hka-aqm-n202;  25.19;  28.94;   421;   513;   959;   239;     2;     0;   -54;   -54;   9.0; drag-lps8-01; 4; 7; 125000; 1148
2022-09-20 14:26:59; hka-aqm-n202;  25.17;  28.94;   420;   532;   705;   178;     1;     0;   -55;   -55;   9.0; drag-lps8-01; 6; 7; 125000; 1149
2022-09-20 14:27:59; hka-aqm-n202;  25.24;  28.91;   417;   559;   528;   135;     2;     0;   -54;   -54;   8.5; drag-lps8-01; 4; 7; 125000; 1150
2022-09-20 14:28:19; hka-aqm-n202;  25.23;  28.94;   417;   554;   632;   164;     1;     0;   -57;   -57;   9.0; drag-lps8-01; 3; 7; 125000; 1151
2022-09-20 14:28:59; hka-aqm-n202;  25.20;  28.67;   421;   536;   539;   141;     1;     0;  -128;  -128;  -8.0; drag-outd-01; 7; 7; 125000; 1152
2022-09-20 14:29:58; hka-aqm-n202;  25.26;  28.57;   422;   527;   519;   134;     2;     0;   -53;   -53;   7.8; drag-lps8-01; 6; 7; 125000; 1153
2022-09-20 14:30:19; hka-aqm-n202;  25.23;  28.47;   419;   540;   607;   157;     1;     0;   -57;   -57;  10.2; drag-lps8-01; 0; 7; 125000; 1154
2022-09-20 14:30:40; hka-aqm-n202;  25.23;  28.50;   417;   542;   311;    79;     0;     0;   -55;   -55;   9.0; drag-lps8-01; 1; 7; 125000; 1155
2022-09-20 14:30:59; hka-aqm-n202;  25.23;  28.47;   416;   555;   402;   103;     1;     0;   -52;   -52;   6.2; drag-lps8-01; 2; 7; 125000; 1156
2022-09-20 14:31:19; hka-aqm-n202;  25.29;  28.50;   415;   560;   282;    72;     2;     0;   -54;   -54;   6.5; drag-lps8-01; 5; 7; 125000; 1157
2022-09-20 14:31:39; hka-aqm-n202;  25.22;  28.33;   414;   561;   194;    49;     2;     0;  -127;  -127;  -7.0; drag-outd-01; 1; 7; 125000; 1158
2022-09-20 14:32:18; hka-aqm-n202;  25.23;  28.47;   418;   546;   139;    35;     2;     0;   -54;   -54;   7.5; drag-lps8-01; 2; 7; 125000; 1159
2022-09-20 14:33:20; hka-aqm-n202;  25.20;  28.47;   418;   534;   228;    62;     2;     0;   -54;   -54;   8.2; drag-lps8-01; 3; 7; 125000; 1160
2022-09-20 14:41:19; hka-aqm-n202;  25.11;  28.67;   414;   557;   113;    30;     2;     0;   -55;   -55;   8.8; drag-lps8-01; 0; 7; 125000; 1161
2022-09-20 14:56:26; hka-aqm-n202;  25.01;  30.09;   414;   586;    97;    26;     1;     0;   -57;   -57;   9.2; drag-lps8-01; 7; 7; 125000; 1162
2022-09-20 15:11:32; hka-aqm-n202;  24.99;  30.23;   416;   555;    40;    10;     0;     0;   -53;   -53;   6.5; drag-lps8-01; 5; 7; 125000; 1163
2022-09-20 15:24:19; hka-aqm-n202;  24.83;  29.96;   425;   510;   146;    42;     3;     1;   -57;   -57;   8.8; drag-lps8-01; 4; 7; 125000; 1165
2022-09-20 15:39:32; hka-aqm-n202;  24.87;  29.58;   422;   546;    73;    21;     1;     0;   -54;   -54;   8.8; drag-lps8-01; 6; 7; 125000; 1167
2022-09-20 15:54:40; hka-aqm-n202;  24.87;  28.53;   414;   528;    68;    20;     3;     1;   -57;   -57;   9.2; drag-lps8-01; 0; 7; 125000; 1168
2022-09-20 16:09:46; hka-aqm-n202;  24.85;  28.87;   421;   567;    56;    15;     1;     0;   -57;   -57;   9.2; drag-lps8-01; 7; 7; 125000; 1169
2022-09-20 16:24:52; hka-aqm-n202;  24.83;  28.81;   420;   540;    61;    17;     2;     0;   -55;   -55;   9.0; drag-lps8-01; 4; 7; 125000; 1170
2022-09-20 16:40:01; hka-aqm-n202;  24.84;  29.82;   424;   552;    16;     4;     3;     3;   -54;   -54;   8.5; drag-lps8-01; 1; 7; 125000; 1171
2022-09-20 16:55:07; hka-aqm-n202;  24.80;  31.17;   422;   589;    18;     4;     1;     0;   -53;   -53;   7.2; drag-lps8-01; 5; 7; 125000; 1172
2022-09-20 17:10:14; hka-aqm-n202;  24.79;  30.63;   420;   600;    23;     6;     1;     0;   -57;   -57;   9.5; drag-lps8-01; 3; 7; 125000; 1173
2022-09-20 17:25:20; hka-aqm-n202;  24.76;  30.63;   414;   581;    25;     6;     3;     3;   -55;   -55;   9.5; drag-lps8-01; 6; 7; 125000; 1174
2022-09-20 17:40:26; hka-aqm-n202;  24.71;  30.97;   418;   555;    13;     2;     0;     0;  -126;  -126;  -7.0; drag-outd-01; 7; 7; 125000; 1175
2022-09-20 17:55:32; hka-aqm-n202;  24.57;  31.37;   426;   558;    12;     2;     0;     0;   -54;   -54;   8.8; drag-lps8-01; 4; 7; 125000; 1176
2022-09-20 18:10:40; hka-aqm-n202;  24.61;  31.71;   425;   578;    15;     4;     3;     3;   -55;   -55;   9.8; drag-lps8-01; 3; 7; 125000; 1177
2022-09-20 18:25:46; hka-aqm-n202;  24.59;  31.71;   423;   594;    12;     2;     0;     0;  -124;  -124;  -5.5; drag-outd-01; 1; 7; 125000; 1178
2022-09-20 18:40:52; hka-aqm-n202;  24.61;  32.38;   419;   663;     8;     2;     1;     0;   -54;   -54;   6.2; drag-lps8-01; 5; 7; 125000; 1179
2022-09-20 18:56:01; hka-aqm-n202;  24.53;  33.02;   424;   614;     7;     1;     0;     0;  -126;  -126;  -5.5; drag-outd-01; 0; 7; 125000; 1180
2022-09-20 19:11:08; hka-aqm-n202;  24.52;  33.05;   428;   609;     6;     0;     1;     0;   -54;   -54;   6.5; drag-lps8-01; 2; 7; 125000; 1181
2022-09-20 19:26:14; hka-aqm-n202;  24.46;  33.52;   433;   618;     5;     0;     1;     0;   -57;   -57;   9.8; drag-lps8-01; 7; 7; 125000; 1182
2022-09-20 19:41:20; hka-aqm-n202;  24.38;  33.86;   431;   592;     5;     0;     3;     3;   -55;   -55;   8.5; drag-lps8-01; 0; 7; 125000; 1183
2022-09-20 19:56:27; hka-aqm-n202;  24.44;  34.09;   430;   583;     6;     1;     0;     0;   -53;   -53;   7.0; drag-lps8-01; 2; 7; 125000; 1184
2022-09-20 20:11:33; hka-aqm-n202;  24.39;  34.46;   436;   640;     5;     0;     3;     3;   -57;   -57;   9.8; drag-lps8-01; 3; 7; 125000; 1185
2022-09-20 20:26:41; hka-aqm-n202;  24.38;  35.06;   441;   699;     6;     1;     3;     3;  -123;  -123;  -4.2; drag-outd-01; 1; 7; 125000; 1186
2022-09-20 20:41:54; hka-aqm-n202;  24.37;  35.32;   440;   741;     5;     0;     2;     0;   -54;   -54;   8.0; drag-lps8-01; 6; 7; 125000; 1188
2022-09-20 20:57:02; hka-aqm-n202;  24.41;  35.62;   442;   763;     6;     1;     0;     0;   -55;   -55;   8.8; drag-lps8-01; 4; 7; 125000; 1189
2022-09-20 21:12:15; hka-aqm-n202;  24.37;  35.92;   446;   840;     5;     0;     1;     0;   -53;   -53;   6.5; drag-lps8-01; 2; 7; 125000; 1191
2022-09-20 21:27:22; hka-aqm-n202;  24.43;  36.19;   447;   842;     5;     0;     1;     0;   -57;   -57;   9.2; drag-lps8-01; 0; 7; 125000; 1192
2022-09-20 21:42:28; hka-aqm-n202;  24.40;  36.45;   451;   833;     5;     0;     0;     0;   -54;   -54;   8.5; drag-lps8-01; 6; 7; 125000; 1193
2022-09-20 21:57:34; hka-aqm-n202;  24.40;  36.65;   457;   810;     6;     1;     1;     0;   -55;   -55;   9.5; drag-lps8-01; 1; 7; 125000; 1194
2022-09-20 22:12:41; hka-aqm-n202;  24.35;  36.65;   458;   777;     5;     0;     3;     3;   -55;   -55;   8.8; drag-lps8-01; 7; 7; 125000; 1195
2022-09-20 22:27:47; hka-aqm-n202;  24.36;  36.45;   458;   832;     6;     1;     1;     0;   -55;   -55;   7.0; drag-lps8-01; 5; 7; 125000; 1196
2022-09-20 22:42:54; hka-aqm-n202;  24.34;  36.45;   459;   821;     5;     0;     1;     0;   -55;   -55;   9.5; drag-lps8-01; 4; 7; 125000; 1197
2022-09-20 22:58:01; hka-aqm-n202;  24.39;  36.25;   456;   824;     6;     1;     3;     3;   -57;   -57;   9.2; drag-lps8-01; 3; 7; 125000; 1198
2022-09-20 23:13:07; hka-aqm-n202;  24.35;  36.25;   461;   830;     5;     0;     1;     0;   -55;   -55;   7.8; drag-lps8-01; 4; 7; 125000; 1199
2022-09-20 23:28:14; hka-aqm-n202;  24.31;  35.99;   464;   794;     6;     1;     0;     0;   -57;   -57;   9.0; drag-lps8-01; 7; 7; 125000; 1200
2022-09-20 23:43:22; hka-aqm-n202;  24.32;  35.66;   468;   821;     5;     0;     3;     3;   -53;   -53;   8.2; drag-lps8-01; 6; 7; 125000; 1201
2022-09-20 23:58:28; hka-aqm-n202;  24.31;  35.32;   476;   795;     5;     0;     1;     0;   -52;   -52;   6.2; drag-lps8-01; 2; 7; 125000; 1202
