# Logfile LoRaWAN TTN/TTS V3 logger version hka-log V 1.1
date_time;device_id;tmp;hum;CO2;VOC;vis;IR;WIFI;BLE;rssi;channel_rssi;snr;gateway;channel_index;spreading_factor;bandwidth;f_cnt
2022-10-07 00:06:14; hka-aqm-n009;  23.67;  45.46;   505;   981;     6;     0;     2;     0;   -63;   -63;   8.2; drag-lps8-01; 3; 7; 125000; 2257
2022-10-07 00:21:27; hka-aqm-n009;  23.69;  45.43;   502;   987;     8;     2;     1;     0;   -60;   -60;   8.8; drag-lps8-01; 6; 7; 125000; 2259
2022-10-07 00:36:33; hka-aqm-n009;  23.68;  45.30;   504;   981;     6;     0;     2;     0;   -63;   -63;   9.0; drag-lps8-01; 0; 7; 125000; 2260
2022-10-07 00:51:39; hka-aqm-n009;  23.68;  45.20;   501;   981;     8;     2;     2;     0;   -61;   -61;   9.2; drag-lps8-01; 6; 7; 125000; 2261
2022-10-07 01:06:45; hka-aqm-n009;  23.68;  45.17;   504;   991;     6;     0;     0;     0;   -61;   -61;   8.8; drag-lps8-01; 4; 7; 125000; 2262
2022-10-07 01:21:54; hka-aqm-n009;  23.70;  45.10;   499;   921;     8;     2;     2;     0;   -59;   -59;   6.5; drag-lps8-01; 5; 7; 125000; 2263
2022-10-07 01:37:00; hka-aqm-n009;  23.66;  45.14;   497;   996;     6;     0;     2;     0;  -124;  -124;  -4.8; drag-outd-01; 2; 7; 125000; 2264
2022-10-07 01:52:06; hka-aqm-n009;  23.67;  44.97;   492;   927;     6;     0;     2;     0;  -128;  -128;  -7.8; drag-outd-01; 7; 7; 125000; 2265
2022-10-07 02:07:13; hka-aqm-n009;  23.68;  44.78;   492;   934;     6;     0;     2;     0;   -63;   -63;   8.8; drag-lps8-01; 1; 7; 125000; 2266
2022-10-07 02:22:20; hka-aqm-n009;  23.65;  44.52;   488;   949;     8;     2;     2;     0;   -63;   -63;  10.0; drag-lps8-01; 3; 7; 125000; 2267
2022-10-07 02:37:26; hka-aqm-n009;  23.66;  44.26;   483;   920;     6;     0;     0;     0;   -60;   -60;   7.0; drag-lps8-01; 2; 7; 125000; 2268
2022-10-07 02:52:33; hka-aqm-n009;  23.70;  44.07;   488;   902;     8;     2;     2;     0;  -128;  -128;  -6.8; drag-outd-01; 7; 7; 125000; 2269
2022-10-07 03:07:39; hka-aqm-n009;  23.66;  44.00;   497;   917;     6;     0;     2;     0;   -59;   -59;   8.2; drag-lps8-01; 4; 7; 125000; 2270
2022-10-07 03:22:46; hka-aqm-n009;  23.64;  43.81;   490;   867;     6;     1;     1;     0;   -60;   -60;   7.5; drag-lps8-01; 6; 7; 125000; 2271
2022-10-07 03:37:53; hka-aqm-n009;  23.64;  43.68;   492;   849;     6;     0;     2;     0;   -61;   -61;   9.8; drag-lps8-01; 3; 7; 125000; 2272
2022-10-07 03:52:59; hka-aqm-n009;  23.63;  43.45;   492;   832;     6;     0;     2;     0;   -63;   -63;   9.2; drag-lps8-01; 0; 7; 125000; 2273
2022-10-07 04:08:06; hka-aqm-n009;  23.64;  43.22;   491;   841;     6;     0;     1;     0;   -59;   -59;   6.8; drag-lps8-01; 5; 7; 125000; 2274
2022-10-07 04:23:12; hka-aqm-n009;  23.65;  42.96;   489;   815;     6;     0;     2;     0;   -54;   -54;   7.8; drag-lps8-01; 1; 7; 125000; 2275
2022-10-07 04:38:18; hka-aqm-n009;  23.66;  42.64;   492;   810;     8;     2;     2;     0;   -59;   -59;   7.0; drag-lps8-01; 5; 7; 125000; 2276
2022-10-07 04:53:24; hka-aqm-n009;  23.64;  42.38;   482;   832;     6;     1;     1;     0;  -123;  -123;  -5.2; drag-outd-01; 2; 7; 125000; 2277
2022-10-07 05:08:32; hka-aqm-n009;  23.64;  42.15;   485;   801;     6;     0;     2;     0;   -61;   -61;   8.2; drag-lps8-01; 7; 7; 125000; 2278
2022-10-07 05:23:45; hka-aqm-n009;  23.62;  41.82;   477;   791;     6;     0;     2;     0;   -63;   -63;   9.8; drag-lps8-01; 3; 7; 125000; 2280
2022-10-07 05:38:52; hka-aqm-n009;  23.62;  41.46;   480;   769;     6;     0;     2;     0;   -61;   -61;   9.0; drag-lps8-01; 6; 7; 125000; 2281
2022-10-07 05:54:05; hka-aqm-n009;  23.63;  40.97;   476;   755;     6;     0;     1;     0;   -64;   -64;   8.0; drag-lps8-01; 4; 7; 125000; 2283
2022-10-07 06:09:13; hka-aqm-n009;  23.60;  40.71;   476;   750;     6;     0;     2;     0;   -61;   -61;   7.8; drag-lps8-01; 1; 7; 125000; 2284
2022-10-07 06:24:20; hka-aqm-n009;  23.60;  40.45;   473;   759;     8;     2;     2;     0;   -63;   -63;   9.2; drag-lps8-01; 3; 7; 125000; 2285
2022-10-07 06:39:26; hka-aqm-n009;  23.52;  40.18;   465;   755;     6;     0;     1;     0;   -55;   -55;   6.8; drag-lps8-01; 2; 7; 125000; 2286
2022-10-07 06:54:32; hka-aqm-n009;  23.54;  40.22;   467;   762;     6;     0;     2;     0;   -61;   -61;   9.5; drag-lps8-01; 6; 7; 125000; 2287
2022-10-07 07:09:39; hka-aqm-n009;  23.53;  40.22;   467;   761;     6;     1;     2;     0;   -63;   -63;   9.5; drag-lps8-01; 7; 7; 125000; 2288
2022-10-07 07:24:45; hka-aqm-n009;  23.52;  40.18;   472;   761;     6;     0;     1;     0;   -61;   -61;   9.2; drag-lps8-01; 4; 7; 125000; 2289
2022-10-07 07:39:53; hka-aqm-n009;  23.46;  40.22;   477;   817;     8;     2;     2;     0;   -63;   -63;   9.2; drag-lps8-01; 0; 7; 125000; 2290
2022-10-07 07:54:59; hka-aqm-n009;  23.42;  40.28;   481;   888;     6;     0;     2;     0;   -59;   -59;   7.2; drag-lps8-01; 5; 7; 125000; 2291
2022-10-07 08:10:05; hka-aqm-n009;  23.43;  40.08;   476;   970;     8;     2;     1;     0;   -61;   -61;   8.0; drag-lps8-01; 0; 7; 125000; 2292
2022-10-07 08:25:12; hka-aqm-n009;  23.42;  39.82;   477;   919;     6;     1;     2;     0;   -61;   -61;   8.0; drag-lps8-01; 1; 7; 125000; 2293
2022-10-07 08:40:18; hka-aqm-n009;  23.40;  39.79;   478;   922;     7;     1;     2;     0;   -59;   -59;   6.8; drag-lps8-01; 5; 7; 125000; 2294
2022-10-07 08:55:24; hka-aqm-n009;  23.33;  39.95;   488;   959;     7;     1;     1;     0;   -61;   -61;   8.5; drag-lps8-01; 7; 7; 125000; 2295
2022-10-07 09:10:33; hka-aqm-n009;  23.34;  39.76;   483;   931;     7;     1;     2;     0;   -61;   -61;   8.8; drag-lps8-01; 6; 7; 125000; 2296
2022-10-07 09:25:39; hka-aqm-n009;  23.34;  39.69;   480;   922;     8;     1;     2;     0;  -123;  -123;  -6.2; drag-outd-01; 2; 7; 125000; 2297
2022-10-07 09:40:45; hka-aqm-n009;  23.32;  39.72;   484;   903;    12;     4;     0;     0;   -63;   -63;  10.0; drag-lps8-01; 3; 7; 125000; 2298
2022-10-07 09:55:52; hka-aqm-n009;  23.33;  39.76;   484;   888;    10;     2;     2;     2;   -61;   -61;  10.0; drag-lps8-01; 4; 7; 125000; 2299
2022-10-07 10:10:58; hka-aqm-n009;  23.29;  39.66;   486;   889;    10;     2;     2;     2;   -61;   -61;   7.5; drag-lps8-01; 5; 7; 125000; 2300
2022-10-07 10:26:04; hka-aqm-n009;  23.37;  39.62;   486;   884;    18;     4;     0;     0;   -57;   -57;   6.2; drag-lps8-01; 2; 7; 125000; 2301
2022-10-07 10:41:11; hka-aqm-n009;  23.41;  39.89;   479;   905;    22;     5;     2;     2;   -63;   -63;   8.5; drag-lps8-01; 1; 7; 125000; 2302
2022-10-07 10:56:24; hka-aqm-n009;  23.38;  40.22;   481;   905;    29;     7;     0;     0;   -63;   -63;   8.0; drag-lps8-01; 3; 7; 125000; 2304
2022-10-07 11:11:37; hka-aqm-n009;  23.40;  40.54;   473;   935;    34;     9;     2;     2;   -61;   -61;   8.2; drag-lps8-01; 7; 7; 125000; 2306
2022-10-07 11:26:44; hka-aqm-n009;  23.41;  40.54;   476;   877;    35;     9;     2;     0;   -65;   -65;   8.8; drag-lps8-01; 4; 7; 125000; 2307
2022-10-07 11:41:51; hka-aqm-n009;  23.50;  40.54;   468;   874;    48;    13;     2;     2;   -61;   -61;   9.2; drag-lps8-01; 0; 7; 125000; 2308
2022-10-07 11:47:31; hka-aqm-n009;  23.54;  40.77;   468;   865;   104;    24;     2;     2;   -63;   -63;   9.0; drag-lps8-01; 7; 7; 125000; 2309
2022-10-07 12:02:37; hka-aqm-n009;  23.64;  41.30;   487;   880;   128;    21;     2;     2;   -63;   -63;   7.8; drag-lps8-01; 4; 7; 125000; 2310
2022-10-07 12:17:51; hka-aqm-n009;  23.75;  41.56;   494;  1020;   138;    24;     2;     3;   -63;   -63;   9.8; drag-lps8-01; 1; 7; 125000; 2312
2022-10-07 12:32:58; hka-aqm-n009;  23.85;  41.69;   490;   923;   137;    24;     2;     4;   -63;   -63;   7.2; drag-lps8-01; 2; 7; 125000; 2313
2022-10-07 12:48:04; hka-aqm-n009;  23.95;  41.76;   487;   983;   112;    17;     1;     2;   -61;   -61;   7.5; drag-lps8-01; 5; 7; 125000; 2314
2022-10-07 13:03:13; hka-aqm-n009;  24.00;  41.95;   494;   900;   109;    18;     2;     5;   -67;   -67;   8.2; drag-lps8-01; 3; 7; 125000; 2315
2022-10-07 13:18:19; hka-aqm-n009;  24.06;  42.24;   499;   907;   131;    28;     2;     5;   -65;   -65;   9.5; drag-lps8-01; 4; 7; 125000; 2316
2022-10-07 13:23:12; hka-aqm-n009;  24.02;  42.38;   494;   906;    61;    18;     2;     5;   -61;   -61;  10.0; drag-lps8-01; 1; 7; 125000; 2317
2022-10-07 13:38:18; hka-aqm-n009;  24.08;  42.67;   489;   952;    41;    11;     2;     1;  -126;  -126;  -6.5; drag-outd-01; 2; 7; 125000; 2318
2022-10-07 13:53:24; hka-aqm-n009;  24.04;  43.32;   478;   888;    46;    13;     0;     0;   -66;   -66;   8.5; drag-lps8-01; 7; 7; 125000; 2319
2022-10-07 14:08:31; hka-aqm-n009;  23.99;  43.74;   459;   827;   119;    21;     2;     5;   -67;   -67;   8.5; drag-lps8-01; 0; 7; 125000; 2320
2022-10-07 14:23:37; hka-aqm-n009;  24.08;  44.39;   481;   838;   113;    17;     2;     6;   -65;   -65;   9.5; drag-lps8-01; 3; 7; 125000; 2321
2022-10-07 14:38:43; hka-aqm-n009;  24.10;  45.17;   483;   845;   110;    18;     2;     3;   -59;   -59;   6.0; drag-lps8-01; 5; 7; 125000; 2322
2022-10-07 14:53:52; hka-aqm-n009;  24.19;  45.17;   475;   803;   107;    17;     2;     6;   -61;   -61;   8.5; drag-lps8-01; 6; 7; 125000; 2323
2022-10-07 15:08:58; hka-aqm-n009;  24.20;  45.36;   482;   767;   101;    17;     2;     6;   -63;   -63;   9.5; drag-lps8-01; 3; 7; 125000; 2324
2022-10-07 15:24:04; hka-aqm-n009;  24.26;  45.98;   478;   808;    96;    15;     0;     4;   -59;   -59;   9.2; drag-lps8-01; 4; 7; 125000; 2325
