# Logfile LoRaWAN TTN/TTS V3 logger version hka-log V 1.1
date_time;device_id;tmp;hum;CO2;VOC;vis;IR;WIFI;BLE;rssi;channel_rssi;snr;gateway;channel_index;spreading_factor;bandwidth;f_cnt
2022-09-28 09:06:24; hka-aqm-n202;  24.87;  38.01;   440;   884;    19;     4;     1;     0;   -71;   -71;   7.0; drag-lps8-01; 2; 7; 125000; 80
2022-09-28 09:21:31; hka-aqm-n202;  24.91;  37.91;   434;   911;    26;     6;     2;     1;   -69;   -69;   8.0; drag-lps8-01; 7; 7; 125000; 81
2022-09-28 09:36:38; hka-aqm-n202;  24.92;  37.65;   439;   858;    34;     9;     0;     0;   -69;   -69;   8.5; drag-lps8-01; 4; 7; 125000; 82
2022-09-28 09:51:44; hka-aqm-n202;  24.91;  37.45;   427;   840;    37;     9;     1;     0;   -69;   -69;   8.8; drag-lps8-01; 6; 7; 125000; 83
2022-09-28 10:06:52; hka-aqm-n202;  24.86;  36.85;   430;   787;    19;     4;     1;     0;   -70;   -70;  10.0; drag-lps8-01; 3; 7; 125000; 84
2022-09-28 10:21:58; hka-aqm-n202;  24.90;  36.92;   427;   791;    51;    13;     0;     0;  -126;  -126;  -7.0; drag-outd-01; 0; 7; 125000; 85
2022-09-28 10:37:04; hka-aqm-n202;  24.88;  37.38;   424;   795;    60;    15;     0;     0;  -128;  -128;  -8.5; drag-outd-01; 2; 7; 125000; 86
2022-09-28 10:52:10; hka-aqm-n202;  24.90;  37.38;   427;   803;    84;    23;     2;     3;   -71;   -71;   7.5; drag-lps8-01; 5; 7; 125000; 87
2022-09-28 10:58:11; hka-aqm-n202;  24.92;  37.25;   423;   775;   132;    35;     2;     3;   -70;   -70;   7.8; drag-lps8-01; 7; 7; 125000; 88
2022-09-28 10:58:51; hka-aqm-n202;  24.93;  37.12;   423;   823;   254;    67;     1;     0;   -70;   -70;   8.5; drag-lps8-01; 7; 7; 125000; 90
2022-09-28 10:59:11; hka-aqm-n202;  24.94;  37.12;   423;   806;    87;    22;     1;     0;   -69;   -69;   8.0; drag-lps8-01; 3; 7; 125000; 92
2022-09-28 10:59:31; hka-aqm-n202;  24.93;  37.05;   423;   803;   177;    48;     1;     0;   -67;   -67;   8.5; drag-lps8-01; 6; 7; 125000; 93
2022-09-28 10:59:50; hka-aqm-n202;  24.94;  37.05;   423;   801;   100;    27;     1;     0;   -69;   -69;   6.2; drag-lps8-01; 2; 7; 125000; 94
2022-09-28 11:00:10; hka-aqm-n202;  24.94;  37.02;   423;   793;   164;    44;     1;     0;   -71;   -71;   9.0; drag-lps8-01; 0; 7; 125000; 95
2022-09-28 11:01:51; hka-aqm-n202;  24.96;  36.89;   423;   798;   185;    48;     1;     0;   -69;   -69;   8.8; drag-lps8-01; 4; 7; 125000; 96
2022-09-28 11:02:12; hka-aqm-n202;  24.96;  36.85;   423;   791;   107;    28;     1;     0;   -69;   -69;   9.0; drag-lps8-01; 1; 7; 125000; 97
2022-09-28 11:04:51; hka-aqm-n202;  24.98;  36.65;   427;   761;   113;    30;     1;     0;  -126;  -126;  -7.2; drag-outd-01; 7; 7; 125000; 98
2022-09-28 11:12:11; hka-aqm-n202;  25.04;  36.42;   425;   806;   435;   115;     2;     0;   -69;   -69;   7.0; drag-lps8-01; 2; 7; 125000; 99
2022-09-28 11:12:31; hka-aqm-n202;  24.97;  36.45;   424;   799;   501;   133;     2;     0;   -69;   -69;   9.5; drag-lps8-01; 4; 7; 125000; 100
2022-09-28 11:12:51; hka-aqm-n202;  24.98;  36.45;   423;   787;   264;    71;     2;     0;   -69;   -69;   8.8; drag-lps8-01; 3; 7; 125000; 101
2022-09-28 11:13:30; hka-aqm-n202;  24.99;  36.49;   423;   774;   180;    48;     1;     0;   -69;   -69;   8.2; drag-lps8-01; 6; 7; 125000; 102
2022-09-28 11:13:50; hka-aqm-n202;  25.01;  36.52;   423;   776;   320;    85;     1;     0;   -77;   -77;   7.5; drag-lps8-01; 5; 7; 125000; 103
2022-09-28 11:14:30; hka-aqm-n202;  25.00;  36.52;   427;   766;   239;    62;     1;     0;   -69;   -69;   9.8; drag-lps8-01; 1; 7; 125000; 104
2022-09-28 11:15:12; hka-aqm-n202;  25.00;  36.45;   424;   777;   278;    73;     1;     0;   -71;   -71;   9.2; drag-lps8-01; 0; 7; 125000; 105
2022-09-28 11:15:49; hka-aqm-n202;  24.98;  36.49;   427;   779;    57;    14;     1;     0;   -68;   -68;   6.2; drag-lps8-01; 2; 7; 125000; 106
2022-09-28 11:17:10; hka-aqm-n202;  25.03;  36.39;   426;   807;   137;    34;     2;     0;   -69;   -69;  10.0; drag-lps8-01; 1; 7; 125000; 107
2022-09-28 11:17:31; hka-aqm-n202;  24.97;  36.39;   425;   806;    70;    17;     1;     0;   -67;   -67;   8.2; drag-lps8-01; 4; 7; 125000; 108
2022-09-28 11:18:29; hka-aqm-n202;  25.01;  36.39;   427;   788;   204;    54;     2;     0;   -69;   -69;   7.2; drag-lps8-01; 5; 7; 125000; 109
2022-09-28 11:18:49; hka-aqm-n202;  25.05;  36.39;   425;   788;   704;   189;     1;     0;   -69;   -69;   8.5; drag-lps8-01; 6; 7; 125000; 110
2022-09-28 11:19:29; hka-aqm-n202;  25.10;  36.35;   428;   797;   581;   155;     1;     0;   -71;   -71;   9.8; drag-lps8-01; 0; 7; 125000; 111
2022-09-28 11:20:10; hka-aqm-n202;  25.11;  36.32;   425;   805;   303;    80;     1;     0;   -71;   -71;   8.2; drag-lps8-01; 3; 7; 125000; 113
2022-09-28 11:21:09; hka-aqm-n202;  25.02;  36.25;   427;   792;    45;    11;     1;     0;   -69;   -69;   9.5; drag-lps8-01; 4; 7; 125000; 115
2022-09-28 11:24:30; hka-aqm-n202;  25.06;  36.25;   429;   764;   573;   153;     2;     0;   -70;   -70;   8.5; drag-lps8-01; 3; 7; 125000; 116
2022-09-28 11:24:51; hka-aqm-n202;  25.04;  36.22;   427;   758;   481;   128;     1;     0;  -126;  -126;  -8.2; drag-outd-01; 2; 7; 125000; 117
2022-09-28 11:25:49; hka-aqm-n202;  25.04;  36.22;   428;   739;   683;   181;     1;     1;   -70;   -70;   8.8; drag-lps8-01; 7; 7; 125000; 118
2022-09-28 11:26:09; hka-aqm-n202;  25.10;  36.19;   426;   744;   506;   134;     1;     1;   -69;   -69;   7.5; drag-lps8-01; 1; 7; 125000; 119
2022-09-28 11:26:51; hka-aqm-n202;  25.19;  36.06;   422;   749;   760;   204;     1;     1;   -69;   -69;   9.8; drag-lps8-01; 6; 7; 125000; 120
2022-09-28 11:27:29; hka-aqm-n202;  25.16;  36.02;   425;   750;   976;   261;     1;     0;   -71;   -71;   8.5; drag-lps8-01; 0; 7; 125000; 121
2022-09-28 11:27:49; hka-aqm-n202;  25.21;  36.02;   423;   758;   782;   208;     1;     1;   -69;   -69;   6.2; drag-lps8-01; 5; 7; 125000; 122
2022-09-28 11:28:09; hka-aqm-n202;  25.17;  35.99;   422;   765;   153;    39;     1;     1;   -71;   -71;  10.2; drag-lps8-01; 7; 7; 125000; 123
2022-09-28 11:28:29; hka-aqm-n202;  25.17;  36.06;   421;   772;   231;    60;     2;     0;   -67;   -67;   8.0; drag-lps8-01; 1; 7; 125000; 124
2022-09-28 11:28:50; hka-aqm-n202;  25.20;  36.06;   420;   740;    79;    20;     2;     0;   -71;   -71;   7.5; drag-lps8-01; 2; 7; 125000; 125
2022-09-28 11:29:51; hka-aqm-n202;  25.16;  36.06;   420;   811;   950;   253;     2;     1;   -70;   -70;   8.8; drag-lps8-01; 3; 7; 125000; 126
2022-09-28 11:30:10; hka-aqm-n202;  25.19;  36.06;   421;   808;   316;    82;     1;     1;   -67;   -67;   9.0; drag-lps8-01; 6; 7; 125000; 127
2022-09-28 11:30:31; hka-aqm-n202;  25.17;  36.09;   421;   801;   867;   232;     1;     0;   -69;   -69;   7.2; drag-lps8-01; 0; 7; 125000; 128
2022-09-28 11:30:50; hka-aqm-n202;  25.18;  36.09;   421;   798;   293;    77;     2;     0;   -69;   -69;   8.8; drag-lps8-01; 4; 7; 125000; 129
2022-09-28 11:31:11; hka-aqm-n202;  25.16;  36.09;   421;   762;   474;   128;     2;     0;   -68;   -68;   8.0; drag-lps8-01; 3; 7; 125000; 130
2022-09-28 11:31:49; hka-aqm-n202;  25.16;  36.12;   425;   804;    98;    26;     1;     1;   -69;   -69;   7.0; drag-lps8-01; 5; 7; 125000; 131
2022-09-28 11:32:30; hka-aqm-n202;  25.15;  36.09;   423;   806;   173;    48;     1;     1;   -70;   -70;   9.0; drag-lps8-01; 7; 7; 125000; 132
2022-09-28 11:34:09; hka-aqm-n202;  25.21;  35.96;   428;   783;    98;    26;     2;     0;   -69;   -69;   9.0; drag-lps8-01; 1; 7; 125000; 133
2022-09-28 11:47:51; hka-aqm-n202;  25.04;  35.86;   425;   740;   150;    40;     2;     0;  -127;  -127;  -6.0; drag-outd-01; 0; 7; 125000; 134
2022-09-28 11:53:51; hka-aqm-n202;  25.04;  35.69;   424;   734;   201;    55;     2;     0;   -72;   -72;   7.2; drag-lps8-01; 2; 7; 125000; 136
2022-09-28 11:55:50; hka-aqm-n202;  25.06;  35.66;   423;   752;   381;   105;     2;     0;   -71;   -71;   9.8; drag-lps8-01; 6; 7; 125000; 137
2022-09-28 11:56:51; hka-aqm-n202;  25.07;  35.59;   425;   762;  1075;   290;     1;     0;   -67;   -67;   8.2; drag-lps8-01; 6; 7; 125000; 139
2022-09-28 11:57:11; hka-aqm-n202;  25.09;  35.56;   424;   757;  1487;   400;     0;     0;   -67;   -67;   7.0; drag-lps8-01; 2; 7; 125000; 140
2022-09-28 11:57:30; hka-aqm-n202;  25.10;  35.52;   423;   755;  1602;   436;     2;     0;  -127;  -127;  -8.2; drag-outd-01; 7; 7; 125000; 141
2022-09-28 11:57:50; hka-aqm-n202;  25.10;  35.59;   423;   757;  1933;   525;     2;     0;   -69;   -69;   9.8; drag-lps8-01; 4; 7; 125000; 142
2022-09-28 11:58:11; hka-aqm-n202;  25.06;  35.52;   423;   758;   267;    70;     1;     0;   -70;   -70;   8.5; drag-lps8-01; 3; 7; 125000; 143
2022-09-28 11:58:49; hka-aqm-n202;  25.07;  35.52;   427;   728;   885;   233;     1;     0;   -69;   -69;   9.0; drag-lps8-01; 1; 7; 125000; 144
2022-09-28 11:59:10; hka-aqm-n202;  25.12;  35.46;   425;   744;   442;   116;     0;     0;   -71;   -71;   9.0; drag-lps8-01; 0; 7; 125000; 145
2022-09-28 11:59:30; hka-aqm-n202;  25.07;  35.42;   424;   752;   788;   207;     2;     0;   -71;   -71;   6.8; drag-lps8-01; 5; 7; 125000; 146
2022-09-28 11:59:50; hka-aqm-n202;  25.10;  35.46;   423;   748;   572;   150;     2;     0;   -71;   -71;  10.0; drag-lps8-01; 0; 7; 125000; 147
2022-09-28 12:00:11; hka-aqm-n202;  25.09;  35.39;   423;   745;  1219;   327;     2;     0;   -69;   -69;   7.8; drag-lps8-01; 1; 7; 125000; 148
2022-09-28 12:00:30; hka-aqm-n202;  25.11;  35.32;   423;   749;  1541;   415;     0;     0;  -123;  -123;  -6.2; drag-outd-01; 2; 7; 125000; 149
2022-09-28 12:00:50; hka-aqm-n202;  25.11;  35.26;   423;   758;  1621;   437;     1;     0;   -70;   -70;   8.5; drag-lps8-01; 3; 7; 125000; 150
2022-09-28 12:01:11; hka-aqm-n202;  25.08;  35.32;   423;   765;  1287;   346;     1;     0;   -69;   -69;   8.5; drag-lps8-01; 6; 7; 125000; 151
2022-09-28 12:02:09; hka-aqm-n202;  25.08;  35.26;   425;   752;  1508;   406;     2;     0;  -126;  -126;  -6.2; drag-outd-01; 7; 7; 125000; 152
2022-09-28 12:02:49; hka-aqm-n202;  25.08;  35.26;   423;   729;  1301;   349;     2;     0;   -69;   -69;   9.2; drag-lps8-01; 4; 7; 125000; 153
2022-09-28 12:03:12; hka-aqm-n202;  25.09;  35.19;   423;   723;    52;    13;     2;     0;   -71;   -71;   7.2; drag-lps8-01; 2; 7; 125000; 154
2022-09-28 12:14:09; hka-aqm-n202;  25.10;  35.22;   433;   733;   604;    91;     2;     0;   -71;   -71;   9.8; drag-lps8-01; 0; 7; 125000; 155
2022-09-28 12:15:11; hka-aqm-n202;  25.10;  35.26;   425;   737;   766;    97;     1;     0;   -75;   -75;   8.0; drag-lps8-01; 4; 7; 125000; 156
2022-09-28 12:15:31; hka-aqm-n202;  25.13;  35.26;   424;   734;  1099;   185;     1;     0;   -78;   -78;   8.8; drag-lps8-01; 7; 7; 125000; 157
2022-09-28 12:16:29; hka-aqm-n202;  25.10;  35.19;   425;   738;  1462;   275;     2;     0;   -79;   -79;   8.5; drag-lps8-01; 1; 7; 125000; 158
2022-09-28 12:16:51; hka-aqm-n202;  25.11;  35.16;   424;   742;  1903;   391;     1;     0;   -78;   -78;   7.0; drag-lps8-01; 5; 7; 125000; 160
2022-09-28 12:17:30; hka-aqm-n202;  25.16;  35.12;   427;   748;  1663;   326;     2;     0;   -76;   -76;   9.5; drag-lps8-01; 3; 7; 125000; 161
2022-09-28 12:18:50; hka-aqm-n202;  25.17;  35.12;   429;   708;  1760;   351;     2;     0;   -77;   -77;   7.8; drag-lps8-01; 4; 7; 125000; 163
2022-09-28 12:19:51; hka-aqm-n202;  25.17;  35.06;   428;   741;  1264;   215;     2;     0;   -72;   -72;   8.8; drag-lps8-01; 3; 7; 125000; 164
2022-09-28 12:20:29; hka-aqm-n202;  25.21;  35.09;   430;   735;   825;   102;     1;     0;   -67;   -67;   7.8; drag-lps8-01; 5; 7; 125000; 165
2022-09-28 12:21:10; hka-aqm-n202;  25.20;  35.06;   427;   740;  1822;   368;     1;     0;   -69;   -69;   9.0; drag-lps8-01; 7; 7; 125000; 166
2022-09-28 12:21:30; hka-aqm-n202;  25.20;  35.09;   426;   708;  1736;   341;     1;     0;   -67;   -67;   8.0; drag-lps8-01; 6; 7; 125000; 167
2022-09-28 12:22:11; hka-aqm-n202;  25.24;  35.09;   430;   729;  2209;   473;     1;     0;  -127;  -127;  -6.8; drag-outd-01; 2; 7; 125000; 168
2022-09-28 12:22:30; hka-aqm-n202;  25.21;  35.06;   428;   741;  1664;   326;     1;     0;   -67;   -67;   7.5; drag-lps8-01; 1; 7; 125000; 169
2022-09-28 12:23:09; hka-aqm-n202;  25.24;  35.06;   431;   740;  1867;   380;     2;     0;   -69;   -69;   8.2; drag-lps8-01; 7; 7; 125000; 170
2022-09-28 12:23:31; hka-aqm-n202;  25.23;  34.99;   429;   742;  2765;   623;     2;     0;   -72;   -72;   8.8; drag-lps8-01; 4; 7; 125000; 171
2022-09-28 12:23:50; hka-aqm-n202;  25.26;  34.96;   428;   739;  2175;   464;     1;     0;   -73;   -73;   8.2; drag-lps8-01; 1; 7; 125000; 172
2022-09-28 12:24:30; hka-aqm-n202;  25.21;  34.82;   426;   695;  2150;   446;     1;     0;   -69;   -69;   8.8; drag-lps8-01; 6; 7; 125000; 173
2022-09-28 12:24:52; hka-aqm-n202;  25.24;  34.86;   426;   700;  2966;   675;     1;     0;   -71;   -71;  10.5; drag-lps8-01; 3; 7; 125000; 174
2022-09-28 12:25:10; hka-aqm-n202;  25.26;  34.79;   426;   708;  1464;   264;     2;     0;   -71;   -71;   7.5; drag-lps8-01; 2; 7; 125000; 175
2022-09-28 12:25:31; hka-aqm-n202;  25.29;  34.79;   426;   717;  2752;   617;     2;     0;   -73;   -73;   7.0; drag-lps8-01; 5; 7; 125000; 176
2022-09-28 12:25:50; hka-aqm-n202;  25.36;  34.72;   426;   715;  3035;   697;     0;     0;   -71;   -71;   9.5; drag-lps8-01; 0; 7; 125000; 177
2022-09-28 12:26:11; hka-aqm-n202;  25.40;  34.66;   426;   712;  2308;   489;     1;     0;   -77;   -77;   8.2; drag-lps8-01; 7; 7; 125000; 178
2022-09-28 12:26:31; hka-aqm-n202;  25.39;  34.66;   425;   712;  2662;   589;     1;     0;   -81;   -81;   7.2; drag-lps8-01; 2; 7; 125000; 179
2022-09-28 12:26:51; hka-aqm-n202;  25.40;  34.66;   424;   706;  1217;   199;     1;     0;   -76;   -76;   8.2; drag-lps8-01; 1; 7; 125000; 180
2022-09-28 12:27:31; hka-aqm-n202;  25.36;  34.69;   424;   701;  1491;   270;     1;     0;   -66;   -66;   8.2; drag-lps8-01; 6; 7; 125000; 181
2022-09-28 12:27:52; hka-aqm-n202;  25.33;  34.72;   424;   694;  1348;   232;     0;     0;   -69;   -69;   9.2; drag-lps8-01; 3; 7; 125000; 182
2022-09-28 12:28:29; hka-aqm-n202;  25.37;  34.76;   428;   695;  1914;   386;     2;     0;   -66;   -66;   6.5; drag-lps8-01; 5; 7; 125000; 184
2022-09-28 12:28:51; hka-aqm-n202;  25.36;  34.79;   427;   691;  2051;   427;     2;     0;   -69;   -69;   8.8; drag-lps8-01; 4; 7; 125000; 185
2022-09-28 12:29:32; hka-aqm-n202;  25.37;  34.86;   426;   732;  1716;   338;     1;     0;   -69;   -69;   9.5; drag-lps8-01; 1; 7; 125000; 187
2022-09-28 12:29:51; hka-aqm-n202;  25.35;  34.86;   426;   723;  1852;   372;     1;     0;   -67;   -67;   8.2; drag-lps8-01; 6; 7; 125000; 188
2022-09-28 12:30:10; hka-aqm-n202;  25.39;  34.86;   426;   710;  2032;   423;     1;     0;   -71;   -71;   9.2; drag-lps8-01; 7; 7; 125000; 189
2022-09-28 12:30:31; hka-aqm-n202;  25.36;  34.86;   426;   688;  2118;   449;     1;     0;  -126;  -126;  -6.8; drag-outd-01; 2; 7; 125000; 190
2022-09-28 12:30:51; hka-aqm-n202;  25.38;  34.86;   426;   681;  1170;   192;     2;     0;   -67;   -67;  10.2; drag-lps8-01; 3; 7; 125000; 191
2022-09-28 12:31:11; hka-aqm-n202;  25.36;  34.89;   426;   677;  2112;   441;     2;     0;   -65;   -65;   8.2; drag-lps8-01; 4; 7; 125000; 192
2022-09-28 12:31:31; hka-aqm-n202;  25.34;  34.92;   426;   683;  1886;   385;     1;     0;   -71;   -71;  10.0; drag-lps8-01; 0; 7; 125000; 193
2022-09-28 12:31:51; hka-aqm-n202;  25.36;  34.86;   426;   671;  1788;   358;     1;     0;   -66;   -66;   8.0; drag-lps8-01; 1; 7; 125000; 194
2022-09-28 12:32:30; hka-aqm-n202;  25.42;  34.92;   430;   682;  1872;   381;     1;     0;   -67;   -67;   6.0; drag-lps8-01; 5; 7; 125000; 195
2022-09-28 12:33:31; hka-aqm-n202;  25.46;  34.99;   432;   682;  2049;   429;     1;     0;   -72;   -72;   8.5; drag-lps8-01; 6; 7; 125000; 196
2022-09-28 12:33:50; hka-aqm-n202;  25.45;  34.99;   431;   689;  1991;   412;     1;     0;   -72;   -72;   8.5; drag-lps8-01; 4; 7; 125000; 197
2022-09-28 12:34:31; hka-aqm-n202;  25.45;  34.99;   429;   699;  2035;   426;     2;     0;   -72;   -72;   8.8; drag-lps8-01; 0; 7; 125000; 198
2022-09-28 12:36:10; hka-aqm-n202;  25.47;  34.92;   427;   684;  2208;   473;     1;     0;   -72;   -72;   6.8; drag-lps8-01; 2; 7; 125000; 199
2022-09-28 12:36:31; hka-aqm-n202;  25.43;  34.92;   427;   686;  2088;   441;     1;     0;   -73;   -73;   9.0; drag-lps8-01; 3; 7; 125000; 200
2022-09-28 12:36:50; hka-aqm-n202;  25.49;  34.92;   427;   684;  2175;   461;     1;     0;   -70;   -70;   8.0; drag-lps8-01; 6; 7; 125000; 202
2022-09-28 12:37:10; hka-aqm-n202;  25.43;  34.89;   426;   692;   882;   118;     1;     0;   -71;   -71;   8.0; drag-lps8-01; 1; 7; 125000; 203
2022-09-28 12:39:10; hka-aqm-n202;  25.36;  35.06;   427;   704;   858;   111;     1;     0;   -71;   -71;   8.0; drag-lps8-01; 7; 7; 125000; 204
2022-09-28 12:40:10; hka-aqm-n202;  25.34;  35.06;   431;   700;   774;    89;     2;     0;   -73;   -73;   7.8; drag-lps8-01; 3; 7; 125000; 205
2022-09-28 12:45:10; hka-aqm-n202;  25.26;  35.42;   429;   666;   108;    16;     2;     0;   -72;   -72;   7.0; drag-lps8-01; 2; 7; 125000; 206
2022-09-28 12:45:31; hka-aqm-n202;  25.29;  35.39;   429;   668;   730;    78;     2;     0;   -79;   -79;   9.5; drag-lps8-01; 0; 7; 125000; 208
2022-09-28 12:58:51; hka-aqm-n202;  25.37;  35.06;   430;   670;   821;   104;     2;     0;   -72;   -72;   6.2; drag-lps8-01; 2; 7; 125000; 210
2022-09-28 13:05:11; hka-aqm-n202;  25.31;  34.99;   430;   678;   904;   126;     2;     0;  -128;  -128;  -7.5; drag-outd-01; 0; 7; 125000; 211
2022-09-28 13:06:31; hka-aqm-n202;  25.31;  35.06;   429;   683;   870;   116;     2;     0;   -78;   -78;   7.8; drag-lps8-01; 7; 7; 125000; 212
2022-09-28 13:08:11; hka-aqm-n202;  25.36;  34.99;   426;   676;   817;   102;     2;     0;   -73;   -73;   8.0; drag-lps8-01; 3; 7; 125000; 213
2022-09-28 13:12:51; hka-aqm-n202;  25.36;  34.52;   426;   663;   153;    21;     2;     0;   -73;   -73;  10.0; drag-lps8-01; 1; 7; 125000; 214
2022-09-28 13:14:11; hka-aqm-n202;  25.26;  34.39;   425;   664;    31;     8;     2;     0;   -71;   -71;   6.5; drag-lps8-01; 5; 7; 125000; 215
2022-09-28 13:29:18; hka-aqm-n202;  25.19;  34.19;   423;   657;    21;     6;     2;     0;   -81;   -81;   8.5; drag-lps8-01; 6; 7; 125000; 216
2022-09-28 13:35:31; hka-aqm-n202;  25.22;  34.16;   419;   681;    47;    12;     2;     0;   -73;   -73;   7.8; drag-lps8-01; 4; 7; 125000; 217
2022-09-28 13:42:12; hka-aqm-n202;  25.13;  33.99;   420;   642;   266;    66;     2;     1;   -75;   -75;   7.2; drag-lps8-01; 5; 7; 125000; 218
2022-09-28 13:42:50; hka-aqm-n202;  25.14;  34.02;   424;   638;    98;    24;     0;     0;   -78;   -78;   9.8; drag-lps8-01; 4; 7; 125000; 219
2022-09-28 13:43:50; hka-aqm-n202;  25.15;  33.99;   424;   612;   778;   198;     2;     0;   -78;   -78;   9.8; drag-lps8-01; 1; 7; 125000; 220
2022-09-28 13:44:30; hka-aqm-n202;  25.16;  33.92;   426;   617;    65;    17;     2;     0;   -77;   -77;   9.2; drag-lps8-01; 3; 7; 125000; 221
2022-09-28 13:58:51; hka-aqm-n202;  25.22;  34.22;   417;   677;   150;    38;     2;     2;  -128;  -128;  -7.5; drag-outd-01; 2; 7; 125000; 222
2022-09-28 13:59:11; hka-aqm-n202;  25.23;  34.19;   418;   693;    81;    21;     2;     0;   -72;   -72;   7.2; drag-lps8-01; 6; 7; 125000; 223
2022-09-28 14:09:52; hka-aqm-n202;  25.19;  33.79;   425;   655;   145;    41;     2;     1;   -73;   -73;   8.2; drag-lps8-01; 0; 7; 125000; 224
2022-09-28 14:11:12; hka-aqm-n202;  25.26;  33.72;   430;   671;   381;    97;     0;     0;   -73;   -73;   8.8; drag-lps8-01; 7; 7; 125000; 225
2022-09-28 14:11:31; hka-aqm-n202;  25.17;  33.69;   428;   673;   111;    29;     0;     0;   -73;   -73;   7.2; drag-lps8-01; 6; 7; 125000; 226
2022-09-28 14:13:51; hka-aqm-n202;  25.17;  33.62;   428;   676;   183;    52;     2;     0;  -126;  -126;  -6.8; drag-outd-01; 7; 7; 125000; 227
2022-09-28 14:16:12; hka-aqm-n202;  25.24;  33.45;   428;   648;   224;    60;     2;     0;   -76;   -76;   8.5; drag-lps8-01; 3; 7; 125000; 228
2022-09-28 14:16:51; hka-aqm-n202;  25.20;  33.29;   426;   664;   281;    74;     1;     2;   -72;   -72;   8.2; drag-lps8-01; 1; 7; 125000; 229
2022-09-28 14:17:50; hka-aqm-n202;  25.19;  33.25;   431;   657;   189;    50;     2;     2;   -74;   -74;   8.5; drag-lps8-01; 4; 7; 125000; 231
2022-09-28 14:18:10; hka-aqm-n202;  25.17;  33.25;   429;   654;   252;    67;     1;     0;   -72;   -72;   7.5; drag-lps8-01; 5; 7; 125000; 233
2022-09-28 14:18:32; hka-aqm-n202;  25.23;  33.25;   428;   661;   126;    32;     1;     0;   -73;   -73;   7.0; drag-lps8-01; 6; 7; 125000; 234
2022-09-28 14:18:51; hka-aqm-n202;  25.19;  33.29;   427;   657;   236;    63;     2;     0;   -73;   -73;   6.5; drag-lps8-01; 5; 7; 125000; 235
2022-09-28 14:19:11; hka-aqm-n202;  25.17;  33.29;   426;   640;   288;    77;     2;     0;   -67;   -67;   8.2; drag-lps8-01; 7; 7; 125000; 236
2022-09-28 14:19:32; hka-aqm-n202;  25.19;  33.39;   426;   631;   352;    93;     0;     0;   -69;   -69;   8.5; drag-lps8-01; 0; 7; 125000; 237
2022-09-28 14:19:51; hka-aqm-n202;  25.17;  33.32;   426;   638;   510;   132;     0;     0;   -71;   -71;   8.8; drag-lps8-01; 4; 7; 125000; 238
2022-09-28 14:21:11; hka-aqm-n202;  25.16;  33.42;   428;   639;   614;   154;     1;     0;   -72;   -72;   6.8; drag-lps8-01; 2; 7; 125000; 239
2022-09-28 14:21:31; hka-aqm-n202;  25.16;  33.39;   427;   645;   501;   126;     1;     0;   -73;   -73;   9.5; drag-lps8-01; 1; 7; 125000; 240
2022-09-28 14:21:52; hka-aqm-n202;  25.15;  33.39;   426;   639;   210;    53;     1;     0;   -77;   -77;   9.8; drag-lps8-01; 3; 7; 125000; 241
2022-09-28 14:22:30; hka-aqm-n202;  25.15;  33.35;   430;   634;   393;    99;     2;     0;  -126;  -126;  -7.2; drag-outd-01; 1; 7; 125000; 242
2022-09-28 14:23:11; hka-aqm-n202;  25.14;  33.35;   427;   616;   206;    54;     2;     0;   -75;   -75;   9.5; drag-lps8-01; 4; 7; 125000; 243
2022-09-28 14:23:31; hka-aqm-n202;  25.13;  33.35;   426;   637;    84;    21;     1;     0;   -69;   -69;   7.2; drag-lps8-01; 7; 7; 125000; 244
2022-09-28 14:25:12; hka-aqm-n202;  25.14;  33.32;   431;   631;   184;    45;     2;     0;   -75;   -75;   9.8; drag-lps8-01; 0; 7; 125000; 245
2022-09-28 14:26:12; hka-aqm-n202;  25.20;  33.29;   427;   647;   128;    33;     0;     0;   -72;   -72;   6.2; drag-lps8-01; 2; 7; 125000; 246
2022-09-28 14:41:18; hka-aqm-n202;  25.16;  32.99;   430;   651;    28;     7;     2;     0;   -72;   -72;   7.5; drag-lps8-01; 6; 7; 125000; 247
2022-09-28 14:56:25; hka-aqm-n202;  25.10;  32.78;   426;   628;    47;    12;     0;     0;   -72;   -72;   6.0; drag-lps8-01; 5; 7; 125000; 248
2022-09-28 15:11:32; hka-aqm-n202;  25.09;  32.21;   438;   606;    88;    24;     2;     1;   -77;   -77;   9.2; drag-lps8-01; 3; 7; 125000; 249
2022-09-28 15:17:52; hka-aqm-n202;  25.06;  32.08;   425;   590;    51;    12;     2;     1;   -71;   -71;   7.0; drag-lps8-01; 5; 7; 125000; 250
2022-09-28 15:28:50; hka-aqm-n202;  25.09;  31.84;   427;   571;    37;     8;     1;     0;   -79;   -79;   8.2; drag-lps8-01; 4; 7; 125000; 251
2022-09-28 15:43:56; hka-aqm-n202;  25.04;  32.25;   433;   578;    45;    11;     0;     0;   -75;   -75;   9.2; drag-lps8-01; 7; 7; 125000; 252
2022-09-28 15:59:09; hka-aqm-n202;  25.06;  31.64;   425;   579;    22;     5;     2;     0;   -67;   -67;   9.2; drag-lps8-01; 6; 7; 125000; 254
2022-09-28 15:59:31; hka-aqm-n202;  25.11;  31.58;   422;   584;   461;    97;     2;     1;   -78;   -78;   9.0; drag-lps8-01; 0; 7; 125000; 256
2022-09-28 15:59:51; hka-aqm-n202;  25.13;  31.51;   421;   583;    25;     6;     0;     0;   -69;   -69;   9.2; drag-lps8-01; 1; 7; 125000; 257
2022-09-28 16:14:57; hka-aqm-n202;  25.05;  30.67;   417;   531;    27;     6;     2;     0;   -77;   -77;   9.8; drag-lps8-01; 4; 7; 125000; 258
2022-09-28 16:30:04; hka-aqm-n202;  25.07;  30.63;   414;   556;    36;     9;     2;     0;   -73;   -73;   9.8; drag-lps8-01; 1; 7; 125000; 259
2022-09-28 16:45:13; hka-aqm-n202;  25.10;  30.83;   420;   606;    16;     3;     2;     0;   -75;   -75;   9.5; drag-lps8-01; 6; 7; 125000; 260
2022-09-28 16:45:51; hka-aqm-n202;  25.12;  30.83;   416;   602;   339;    54;     2;     0;   -82;   -82;   8.8; drag-lps8-01; 0; 7; 125000; 261
2022-09-28 16:46:11; hka-aqm-n202;  25.13;  30.83;   415;   602;   503;    88;     0;     0;   -72;   -72;   8.5; drag-lps8-01; 7; 7; 125000; 262
2022-09-28 16:47:12; hka-aqm-n202;  25.14;  30.83;   418;   578;   616;    75;     1;     0;   -73;   -73;   7.2; drag-lps8-01; 5; 7; 125000; 263
2022-09-28 16:59:12; hka-aqm-n202;  25.16;  30.50;   420;   528;    80;     9;     2;     0;   -66;   -66;   6.0; drag-lps8-01; 2; 7; 125000; 264
2022-09-28 17:00:11; hka-aqm-n202;  25.09;  30.56;   416;   532;    12;     3;     1;     0;   -69;   -69;   8.2; drag-lps8-01; 3; 7; 125000; 265
2022-09-28 17:15:17; hka-aqm-n202;  25.02;  30.80;   418;   550;     9;     1;     2;     0;   -66;   -66;   9.2; drag-lps8-01; 1; 7; 125000; 266
2022-09-28 17:22:31; hka-aqm-n202;  25.04;  31.17;   417;   613;   415;    57;     2;     0;   -69;   -69;   6.5; drag-lps8-01; 5; 7; 125000; 267
2022-09-28 17:22:52; hka-aqm-n202;  25.04;  31.17;   417;   612;   532;    80;     1;     0;   -73;   -73;   8.2; drag-lps8-01; 7; 7; 125000; 268
2022-09-28 17:37:58; hka-aqm-n202;  25.22;  31.78;   422;   656;   722;    73;     2;     0;   -72;   -72;   4.8; drag-lps8-01; 6; 7; 125000; 269
2022-09-28 17:46:51; hka-aqm-n202;  25.22;  32.68;   423;   697;    81;     9;     2;     0;   -72;   -72;   8.5; drag-lps8-01; 0; 7; 125000; 270
2022-09-28 17:47:51; hka-aqm-n202;  25.22;  32.78;   423;   699;     9;     2;     2;     0;   -73;   -73;   8.5; drag-lps8-01; 3; 7; 125000; 271
2022-09-28 17:50:32; hka-aqm-n202;  25.21;  32.92;   432;   699;   705;    71;     2;     0;   -72;   -72;   6.5; drag-lps8-01; 2; 7; 125000; 272
2022-09-28 17:57:11; hka-aqm-n202;  25.21;  33.82;   423;   809;    82;     9;     1;     0;   -69;   -69;   7.8; drag-lps8-01; 4; 7; 125000; 273
2022-09-28 17:58:12; hka-aqm-n202;  25.21;  33.79;   423;   787;    12;     2;     0;     0;   -69;   -69;   9.5; drag-lps8-01; 1; 7; 125000; 274
2022-09-28 18:13:19; hka-aqm-n202;  25.24;  32.85;   420;   740;    12;     2;     2;     0;  -125;  -125;  -5.8; drag-outd-01; 2; 7; 125000; 275
2022-09-28 18:28:33; hka-aqm-n202;  25.22;  32.82;   419;   688;     8;     1;     2;     0;   -70;   -70;   8.5; drag-lps8-01; 0; 7; 125000; 277
2022-09-28 18:43:46; hka-aqm-n202;  25.21;  33.25;   424;   686;     7;     1;     2;     0;   -67;   -67;   7.5; drag-lps8-01; 3; 7; 125000; 279
2022-09-28 18:58:52; hka-aqm-n202;  25.31;  32.99;   424;   843;   709;    70;     1;     0;   -72;   -72;   8.2; drag-lps8-01; 7; 7; 125000; 280
2022-09-28 19:13:59; hka-aqm-n202;  25.38;  33.25;   427;   843;   703;    69;     1;     0;   -93;   -93;   7.0; drag-lps8-01; 5; 7; 125000; 281
2022-09-28 19:29:05; hka-aqm-n202;  25.38;  34.26;   423;   752;   699;    70;     2;     0;   -67;   -67;   9.0; drag-lps8-01; 4; 7; 125000; 282
2022-09-28 19:41:32; hka-aqm-n202;  25.35;  34.72;   424;   709;     6;     1;     2;     0;   -70;   -70;   7.5; drag-lps8-01; 6; 7; 125000; 283
2022-09-28 19:46:32; hka-aqm-n202;  25.32;  34.79;   426;   749;    71;     7;     1;     0;   -70;   -70;   8.8; drag-lps8-01; 0; 7; 125000; 284
2022-09-28 19:47:51; hka-aqm-n202;  25.32;  34.82;   431;   737;     5;     4;     2;     0;   -71;   -71;   9.2; drag-lps8-01; 7; 7; 125000; 285
2022-09-28 20:02:57; hka-aqm-n202;  25.24;  35.26;   426;   722;     6;     1;     1;     0;   -67;   -67;   6.5; drag-lps8-01; 5; 7; 125000; 286
2022-09-28 20:18:03; hka-aqm-n202;  25.18;  35.39;   433;   731;     5;     0;     1;     0;   -72;   -72;   9.5; drag-lps8-01; 3; 7; 125000; 287
2022-09-28 20:33:10; hka-aqm-n202;  25.14;  35.06;   442;   768;     5;     0;     1;     0;   -67;   -67;   8.2; drag-lps8-01; 1; 7; 125000; 288
2022-09-28 20:48:16; hka-aqm-n202;  25.14;  34.86;   430;   781;     5;     0;     2;     0;   -67;   -67;   7.2; drag-lps8-01; 2; 7; 125000; 289
2022-09-28 21:03:22; hka-aqm-n202;  25.08;  34.99;   444;   801;     5;     0;     2;     0;   -69;   -69;   6.2; drag-lps8-01; 5; 7; 125000; 290
2022-09-28 21:18:29; hka-aqm-n202;  24.99;  35.39;   429;   757;     5;     1;     2;     0;   -71;   -71;   9.5; drag-lps8-01; 4; 7; 125000; 291
2022-09-28 21:33:35; hka-aqm-n202;  24.96;  35.79;   430;   753;     5;     0;     2;     0;   -70;   -70;   8.0; drag-lps8-01; 3; 7; 125000; 292
2022-09-28 21:48:41; hka-aqm-n202;  24.94;  36.16;   429;   792;     5;     0;     2;     0;   -69;   -69;   9.2; drag-lps8-01; 6; 7; 125000; 293
2022-09-28 22:03:47; hka-aqm-n202;  24.98;  36.32;   436;   796;     6;     1;     0;     0;   -71;   -71;   8.8; drag-lps8-01; 0; 7; 125000; 294
2022-09-28 22:18:54; hka-aqm-n202;  25.00;  36.25;   434;   768;     5;     1;     2;     0;   -69;   -69;   9.0; drag-lps8-01; 1; 7; 125000; 295
2022-09-28 22:34:00; hka-aqm-n202;  25.00;  35.99;   431;   812;     5;     0;     2;     0;   -63;   -63;   7.5; drag-lps8-01; 2; 7; 125000; 296
2022-09-28 22:49:06; hka-aqm-n202;  24.94;  35.79;   434;   789;     5;     0;     2;     0;   -72;   -72;   9.5; drag-lps8-01; 7; 7; 125000; 297
2022-09-28 23:04:14; hka-aqm-n202;  25.00;  35.19;   437;   763;     5;     0;     0;     0;   -71;   -71;   8.0; drag-lps8-01; 5; 7; 125000; 298
2022-09-28 23:19:27; hka-aqm-n202;  24.97;  34.86;   435;   766;     5;     1;     0;     0;   -75;   -75;   9.8; drag-lps8-01; 3; 7; 125000; 300
2022-09-28 23:34:34; hka-aqm-n202;  24.97;  34.52;   437;   754;     5;     0;     2;     0;   -70;   -70;   8.5; drag-lps8-01; 0; 7; 125000; 301
2022-09-28 23:49:47; hka-aqm-n202;  24.98;  34.26;   438;   730;     5;     0;     2;     0;   -71;   -71;   8.0; drag-lps8-01; 7; 7; 125000; 303
