# Logfile LoRaWAN TTN/TTS V3 logger version hka-log V 1.1
date_time;device_id;tmp;hum;CO2;VOC;vis;IR;WIFI;BLE;rssi;channel_rssi;snr;gateway;channel_index;spreading_factor;bandwidth;f_cnt
2022-09-11 00:11:03; hka-aqm-n308;  24.38;  53.37;   405;   596;     9;     1;     1;     0;   -58;   -58;   9.0; drag-lps8-01; 3; 7; 125000; 1772
2022-09-11 00:26:09; hka-aqm-n308;  24.39;  53.34;   408;   605;     9;     1;     0;     0;   -55;   -55;   7.0; drag-lps8-01; 5; 7; 125000; 1773
2022-09-11 00:41:15; hka-aqm-n308;  24.46;  53.18;   416;   618;     9;     1;     0;     0;  -124;  -124;  -7.5; drag-outd-01; 1; 7; 125000; 1774
2022-09-11 00:56:21; hka-aqm-n308;  24.44;  53.34;   424;   585;     9;     1;     0;     0;  -126;  -126;  -7.8; drag-outd-01; 6; 7; 125000; 1775
2022-09-11 01:11:34; hka-aqm-n308;  24.38;  53.47;   413;   618;     9;     1;     1;     0;   -61;   -61;  10.0; drag-lps8-01; 3; 7; 125000; 1777
2022-09-11 01:26:40; hka-aqm-n308;  24.40;  53.40;   412;   592;    11;     2;     0;     0;   -61;   -61;   9.2; drag-lps8-01; 0; 7; 125000; 1778
2022-09-11 01:41:47; hka-aqm-n308;  24.31;  53.62;   426;   618;     9;     1;     2;     0;   -57;   -57;   6.5; drag-lps8-01; 2; 7; 125000; 1779
2022-09-11 01:56:53; hka-aqm-n308;  24.33;  53.40;   414;   596;    10;     1;     0;     0;   -58;   -58;   7.0; drag-lps8-01; 5; 7; 125000; 1780
2022-09-11 02:11:59; hka-aqm-n308;  24.39;  53.06;   408;   586;     9;     1;     0;     0;   -60;   -60;   9.5; drag-lps8-01; 4; 7; 125000; 1781
2022-09-11 02:27:05; hka-aqm-n308;  24.39;  52.90;   412;   583;     9;     1;     2;     0;  -127;  -127;  -6.8; drag-outd-01; 0; 7; 125000; 1782
2022-09-11 02:41:32; hka-aqm-n308; 335.38; 435.29; 11714;  6246;  2324;   256;     2;     0;   -59;   -59;   7.0; drag-lps8-01; 2; 7; 125000; 1783
2022-09-11 02:41:48; hka-aqm-n308;  24.36;  52.90;  7945;  4352;     5;     3;     0;     0;   -59;   -59;   8.2; drag-lps8-01; 7; 7; 125000; 1784
2022-09-11 02:42:05; hka-aqm-n308;  24.35;  52.87;  5432;  3070;    11;     3;     1;     0;   -60;   -60;   9.0; drag-lps8-01; 6; 7; 125000; 1785
2022-09-11 02:42:25; hka-aqm-n308;  24.37;  52.84;  3757;  2243;     9;     1;     1;     0;   -59;   -59;   9.8; drag-lps8-01; 4; 7; 125000; 1786
2022-09-11 02:43:06; hka-aqm-n308;  24.37;  52.87;  2644;  1703;     9;     1;     2;     0;   -60;   -60;   9.0; drag-lps8-01; 1; 7; 125000; 1787
2022-09-11 02:43:46; hka-aqm-n308;  24.36;  52.87;  1902;  1322;     9;     1;     2;     0;   -60;   -60;   6.8; drag-lps8-01; 5; 7; 125000; 1788
2022-09-11 02:44:03; hka-aqm-n308;  24.35;  52.84;  1404;  1096;     5;     1;     1;     0;   -60;   -60;   8.5; drag-lps8-01; 3; 7; 125000; 1789
2022-09-11 02:44:25; hka-aqm-n308;  24.30;  52.96;  1072;   919;     9;     1;     1;     0;   -57;   -57;   6.5; drag-lps8-01; 5; 7; 125000; 1790
2022-09-11 02:44:45; hka-aqm-n308;  24.33;  52.96;   850;   802;     9;     1;     1;     0;   -60;   -60;   6.8; drag-lps8-01; 2; 7; 125000; 1791
2022-09-11 02:45:04; hka-aqm-n308;  24.31;  52.96;   702;   727;     9;     1;     1;     0;  -126;  -126;  -6.5; drag-outd-01; 7; 7; 125000; 1792
2022-09-11 02:45:25; hka-aqm-n308;  24.32;  52.96;   604;   704;     9;     1;     1;     0;  -124;  -124;  -5.2; drag-outd-01; 6; 7; 125000; 1793
2022-09-11 02:46:03; hka-aqm-n308;  24.33;  52.96;   542;   664;     9;     1;     2;     0;   -59;   -59;   8.2; drag-lps8-01; 0; 7; 125000; 1794
2022-09-11 02:46:23; hka-aqm-n308;  24.33;  52.93;   497;   641;     9;     1;     1;     0;   -60;   -60;   9.0; drag-lps8-01; 4; 7; 125000; 1795
2022-09-11 03:01:29; hka-aqm-n308;  24.37;  52.84;   409;   576;    11;     3;     0;     0;   -61;   -61;   9.5; drag-lps8-01; 3; 7; 125000; 1796
2022-09-11 03:16:42; hka-aqm-n308;  24.35;  52.87;   413;   644;     9;     1;     1;     0;   -61;   -61;   9.0; drag-lps8-01; 4; 7; 125000; 1798
2022-09-11 03:31:55; hka-aqm-n308;  24.36;  52.87;   408;   569;     9;     1;     0;     0;   -57;   -57;   7.2; drag-lps8-01; 5; 7; 125000; 1800
2022-09-11 03:47:08; hka-aqm-n308;  24.38;  52.90;   411;   598;    11;     2;     0;     0;   -57;   -57;   9.0; drag-lps8-01; 7; 7; 125000; 1802
2022-09-11 04:02:14; hka-aqm-n308;  24.36;  52.93;   412;   588;     9;     1;     0;     0;  -126;  -126;  -6.0; drag-outd-01; 3; 7; 125000; 1803
2022-09-11 04:17:21; hka-aqm-n308;  24.44;  52.71;   417;   595;    11;     3;     0;     0;  -126;  -126;  -6.0; drag-outd-01; 6; 7; 125000; 1804
2022-09-11 04:32:27; hka-aqm-n308;  24.39;  52.77;   416;   588;     9;     1;     2;     0;  -124;  -124;  -5.8; drag-outd-01; 1; 7; 125000; 1805
2022-09-11 04:47:33; hka-aqm-n308;  24.40;  52.77;   423;   570;    11;     3;     1;     0;   -57;   -57;   8.0; drag-lps8-01; 3; 7; 125000; 1806
2022-09-11 05:02:39; hka-aqm-n308;  24.39;  52.71;   411;   592;     9;     1;     1;     0;  -126;  -126;  -7.2; drag-outd-01; 0; 7; 125000; 1807
2022-09-11 05:17:46; hka-aqm-n308;  24.40;  52.77;   414;   584;    11;     3;     2;     0;   -55;   -55;   9.2; drag-lps8-01; 1; 7; 125000; 1808
2022-09-11 05:32:52; hka-aqm-n308;  24.40;  52.77;   416;   591;     9;     1;     0;     0;  -122;  -122;  -4.8; drag-outd-01; 6; 7; 125000; 1809
2022-09-11 05:47:58; hka-aqm-n308;  24.40;  52.84;   412;   596;     9;     1;     0;     0;   -57;   -57;   7.0; drag-lps8-01; 2; 7; 125000; 1810
2022-09-11 06:03:06; hka-aqm-n308;  24.42;  52.77;   418;   584;     9;     1;     2;     0;   -55;   -55;   8.0; drag-lps8-01; 4; 7; 125000; 1811
2022-09-11 06:18:12; hka-aqm-n308;  24.44;  52.74;   414;   572;     9;     1;     1;     0;  -126;  -126;  -6.2; drag-outd-01; 7; 7; 125000; 1812
2022-09-11 06:33:18; hka-aqm-n308;  24.44;  52.84;   415;   572;     9;     1;     0;     0;   -57;   -57;   6.8; drag-lps8-01; 5; 7; 125000; 1813
2022-09-11 06:48:25; hka-aqm-n308;  24.41;  52.90;   417;   575;    11;     3;     2;     0;   -57;   -57;   9.2; drag-lps8-01; 0; 7; 125000; 1814
2022-09-11 07:03:31; hka-aqm-n308;  24.45;  52.90;   417;   581;     9;     1;     0;     0;   -57;   -57;   9.2; drag-lps8-01; 1; 7; 125000; 1815
2022-09-11 07:18:37; hka-aqm-n308;  24.59;  52.49;   425;   568;    11;     1;     1;     0;   -55;   -55;   8.2; drag-lps8-01; 7; 7; 125000; 1816
2022-09-11 07:33:46; hka-aqm-n308;  24.63;  52.46;   421;   588;    12;     2;     2;     0;  -121;  -121;  -3.8; drag-outd-01; 4; 7; 125000; 1817
2022-09-11 07:48:52; hka-aqm-n308;  24.56;  52.58;   417;   602;    17;     5;     0;     0;   -55;   -55;   7.0; drag-lps8-01; 2; 7; 125000; 1818
2022-09-11 08:03:58; hka-aqm-n308;  24.65;  52.52;   417;   586;    16;     3;     0;     0;  -125;  -125;  -5.0; drag-outd-01; 3; 7; 125000; 1819
2022-09-11 08:19:06; hka-aqm-n308;  24.66;  52.55;   417;   589;    21;     6;     2;     0;  -124;  -124;  -6.5; drag-outd-01; 6; 7; 125000; 1820
2022-09-11 08:34:12; hka-aqm-n308;  24.69;  52.65;   417;   607;    21;     4;     1;     0;   -55;   -55;   7.2; drag-lps8-01; 5; 7; 125000; 1821
2022-09-11 08:49:26; hka-aqm-n308;  24.70;  52.71;   416;   597;    23;     4;     2;     0;   -57;   -57;   7.0; drag-lps8-01; 2; 7; 125000; 1823
2022-09-11 09:04:32; hka-aqm-n308;  24.70;  52.87;   422;   598;    16;     3;     1;     0;  -127;  -127;  -8.0; drag-outd-01; 7; 7; 125000; 1824
2022-09-11 09:19:45; hka-aqm-n308;  24.78;  52.77;   416;   603;    38;    10;     2;     0;  -124;  -124;  -4.8; drag-outd-01; 6; 7; 125000; 1826
2022-09-11 09:34:51; hka-aqm-n308;  24.75;  52.77;   414;   604;    42;     9;     1;     0;   -57;   -57;  10.0; drag-lps8-01; 1; 7; 125000; 1827
2022-09-11 09:49:57; hka-aqm-n308;  24.74;  52.74;   418;   595;    57;    16;     1;     0;   -57;   -57;   7.2; drag-lps8-01; 5; 7; 125000; 1828
2022-09-11 10:05:05; hka-aqm-n308;  24.74;  52.68;   421;   579;    64;    16;     2;     0;   -59;   -59;   9.0; drag-lps8-01; 0; 7; 125000; 1829
2022-09-11 10:20:11; hka-aqm-n308;  24.76;  52.77;   420;   600;    67;    17;     1;     0;  -124;  -124;  -6.2; drag-outd-01; 2; 7; 125000; 1830
2022-09-11 10:35:18; hka-aqm-n308;  24.83;  52.68;   421;   622;    82;    20;     2;     0;  -127;  -127;  -6.2; drag-outd-01; 3; 7; 125000; 1831
2022-09-11 10:50:25; hka-aqm-n308;  24.83;  52.71;   415;   596;   123;    32;     2;     0;   -55;   -55;   8.2; drag-lps8-01; 6; 7; 125000; 1832
2022-09-11 11:05:32; hka-aqm-n308;  24.84;  52.68;   420;   600;    92;    22;     1;     0;  -124;  -124;  -4.8; drag-outd-01; 4; 7; 125000; 1833
2022-09-11 11:08:25; hka-aqm-n308;  24.77;  52.58;   417;   603;   319;    85;     2;     0;   -55;   -55;   7.2; drag-lps8-01; 7; 7; 125000; 1834
2022-09-11 11:08:44; hka-aqm-n308;  24.77;  52.58;   416;   602;   177;    45;     1;     0;   -59;   -59;   9.2; drag-lps8-01; 0; 7; 125000; 1835
2022-09-11 11:09:24; hka-aqm-n308;  24.80;  52.62;   414;   616;    82;    17;     1;     0;  -125;  -125;  -5.8; drag-outd-01; 5; 7; 125000; 1836
2022-09-11 11:09:44; hka-aqm-n308;  24.80;  52.52;   414;   604;   319;    85;     1;     0;   -57;   -57;   9.2; drag-lps8-01; 1; 7; 125000; 1837
2022-09-11 11:11:24; hka-aqm-n308;  24.83;  52.55;   415;   607;    84;    18;     2;     0;   -57;   -57;   7.5; drag-lps8-01; 2; 7; 125000; 1838
2022-09-11 11:23:45; hka-aqm-n308;  24.88;  52.39;   417;   628;   197;    53;     2;     0;   -57;   -57;   8.5; drag-lps8-01; 7; 7; 125000; 1839
2022-09-11 11:24:44; hka-aqm-n308;  24.90;  52.46;   417;   620;   285;    76;     1;     0;   -57;   -57;   9.0; drag-lps8-01; 0; 7; 125000; 1840
2022-09-11 11:25:45; hka-aqm-n308;  24.88;  52.49;   419;   608;   192;    48;     1;     0;   -57;   -57;   8.8; drag-lps8-01; 1; 7; 125000; 1841
2022-09-11 11:26:25; hka-aqm-n308;  24.92;  52.49;   417;   610;   327;    87;     2;     0;   -55;   -55;   8.8; drag-lps8-01; 6; 7; 125000; 1842
2022-09-11 11:26:44; hka-aqm-n308;  24.92;  52.52;   417;   610;   391;   106;     2;     0;  -123;  -123;  -3.0; drag-outd-01; 3; 7; 125000; 1843
2022-09-11 11:27:24; hka-aqm-n308;  24.91;  52.52;   417;   657;   270;    70;     2;     0;   -55;   -55;   8.0; drag-lps8-01; 4; 7; 125000; 1844
2022-09-11 11:27:44; hka-aqm-n308;  24.92;  52.52;   417;   625;   347;    94;     2;     0;   -55;   -55;   6.5; drag-lps8-01; 5; 7; 125000; 1845
2022-09-11 11:28:05; hka-aqm-n308;  24.85;  52.58;   417;   620;   405;   108;     1;     0;  -127;  -127;  -8.0; drag-outd-01; 6; 7; 125000; 1847
2022-09-11 11:38:05; hka-aqm-n308;  24.98;  52.36;   418;   559;   434;   118;     2;     0;   -59;   -59;   8.8; drag-lps8-01; 0; 7; 125000; 1849
2022-09-11 11:38:45; hka-aqm-n308;  24.98;  52.36;   417;   583;   463;   125;     2;     0;   -57;   -57;   7.2; drag-lps8-01; 5; 7; 125000; 1850
2022-09-11 11:39:44; hka-aqm-n308;  25.02;  52.17;   421;   597;   406;   111;     2;     0;   -55;   -55;   9.0; drag-lps8-01; 4; 7; 125000; 1851
2022-09-11 11:40:24; hka-aqm-n308;  25.06;  52.17;   418;   610;   319;    86;     2;     0;   -57;   -57;   9.2; drag-lps8-01; 3; 7; 125000; 1852
2022-09-11 11:40:45; hka-aqm-n308;  25.06;  52.14;   416;   611;   231;    59;     1;     0;   -57;   -57;   8.5; drag-lps8-01; 1; 7; 125000; 1853
2022-09-11 11:41:05; hka-aqm-n308;  25.08;  52.14;   415;   610;   135;    31;     1;     0;   -55;   -55;   8.0; drag-lps8-01; 4; 7; 125000; 1854
2022-09-11 11:42:05; hka-aqm-n308;  25.08;  52.11;   415;   621;   452;   123;     2;     0;   -57;   -57;   7.5; drag-lps8-01; 0; 7; 125000; 1855
2022-09-11 11:42:25; hka-aqm-n308;  25.07;  52.14;   414;   609;   503;   139;     2;     0;   -57;   -57;  10.2; drag-lps8-01; 7; 7; 125000; 1856
2022-09-11 11:42:44; hka-aqm-n308;  25.07;  52.11;   415;   603;   446;   123;     2;     0;  -127;  -127;  -7.0; drag-outd-01; 6; 7; 125000; 1857
2022-09-11 11:43:04; hka-aqm-n308;  25.11;  52.14;   414;   655;   139;    32;     1;     0;   -55;   -55;   7.0; drag-lps8-01; 2; 7; 125000; 1858
2022-09-11 11:44:24; hka-aqm-n308;  25.04;  52.05;   414;   638;   104;    24;     2;     0;   -57;   -57;   6.8; drag-lps8-01; 5; 7; 125000; 1859
2022-09-11 11:46:04; hka-aqm-n308;  25.06;  52.08;   420;   610;   229;    58;     1;     0;  -124;  -124;  -5.2; drag-outd-01; 1; 7; 125000; 1860
2022-09-11 11:46:24; hka-aqm-n308;  25.09;  52.08;   418;   655;   428;   116;     1;     0;   -57;   -57;   8.5; drag-lps8-01; 3; 7; 125000; 1861
2022-09-11 11:47:04; hka-aqm-n308;  25.10;  52.08;   420;   646;   528;   147;     2;     0;  -123;  -123;  -6.0; drag-outd-01; 5; 7; 125000; 1862
2022-09-11 11:48:24; hka-aqm-n308;  25.08;  51.92;   418;   629;   112;    26;     2;     0;   -55;   -55;   7.0; drag-lps8-01; 2; 7; 125000; 1863
2022-09-11 11:50:45; hka-aqm-n308;  25.05;  51.89;   414;   615;   334;    89;     2;     0;   -55;   -55;   8.5; drag-lps8-01; 6; 7; 125000; 1864
2022-09-11 11:51:23; hka-aqm-n308;  25.03;  51.98;   418;   598;   199;    50;     2;     0;   -59;   -59;   9.2; drag-lps8-01; 7; 7; 125000; 1865
2022-09-11 11:51:43; hka-aqm-n308;  25.13;  51.98;   416;   611;    98;    22;     2;     0;   -57;   -57;   9.0; drag-lps8-01; 4; 7; 125000; 1866
2022-09-11 11:54:43; hka-aqm-n308;  25.09;  51.92;   416;   603;   606;   166;     2;     0;   -54;   -54;   7.8; drag-lps8-01; 1; 7; 125000; 1867
2022-09-11 11:57:24; hka-aqm-n308;  25.22;  51.51;   411;   608;   443;   116;     2;     0;   -57;   -57;   9.2; drag-lps8-01; 3; 7; 125000; 1868
2022-09-11 11:57:44; hka-aqm-n308;  25.23;  51.60;   411;   609;   162;    35;     2;     0;   -57;   -57;   9.2; drag-lps8-01; 6; 7; 125000; 1870
2022-09-11 11:58:04; hka-aqm-n308;  25.25;  51.54;   411;   605;   645;   175;     1;     0;  -129;  -129;  -7.8; drag-outd-01; 3; 7; 125000; 1872
2022-09-11 11:59:04; hka-aqm-n308;  25.29;  51.57;   411;   597;   589;   161;     2;     0;   -57;   -57;   6.8; drag-lps8-01; 5; 7; 125000; 1873
2022-09-11 12:01:24; hka-aqm-n308;  25.35;  51.32;   411;   616;   648;   174;     2;     0;   -55;   -55;   8.2; drag-lps8-01; 1; 7; 125000; 1874
2022-09-11 12:02:05; hka-aqm-n308;  25.34;  51.29;   411;   604;   613;   172;     2;     0;   -57;   -57;   9.0; drag-lps8-01; 7; 7; 125000; 1875
2022-09-11 12:03:05; hka-aqm-n308;  25.36;  51.13;   411;   609;   643;   177;     2;     0;   -54;   -54;   7.8; drag-lps8-01; 4; 7; 125000; 1876
2022-09-11 12:04:04; hka-aqm-n308;  25.39;  51.13;   411;   665;   571;   159;     2;     0;   -57;   -57;   7.0; drag-lps8-01; 2; 7; 125000; 1877
2022-09-11 12:04:44; hka-aqm-n308;  25.35;  51.03;   411;   636;   621;   172;     0;     0;   -55;   -55;   8.8; drag-lps8-01; 1; 7; 125000; 1878
2022-09-11 12:05:24; hka-aqm-n308;  25.35;  50.97;   409;   613;   152;    37;     0;     0;   -57;   -57;   6.8; drag-lps8-01; 2; 7; 125000; 1879
2022-09-11 12:05:44; hka-aqm-n308;  25.32;  51.00;   408;   620;    97;    23;     1;     0;   -57;   -57;   9.2; drag-lps8-01; 3; 7; 125000; 1880
2022-09-11 12:07:24; hka-aqm-n308;  25.25;  51.00;   411;   666;   155;    40;     2;     0;  -127;  -127;  -7.0; drag-outd-01; 4; 7; 125000; 1881
2022-09-11 12:13:45; hka-aqm-n308;  25.43;  50.75;   408;   610;    59;    13;     2;     0;   -55;   -55;   8.0; drag-lps8-01; 0; 7; 125000; 1882
2022-09-11 12:23:45; hka-aqm-n308;  25.37;  50.43;   408;   603;   104;    24;     2;     0;   -55;   -55;   6.0; drag-lps8-01; 5; 7; 125000; 1883
2022-09-11 12:34:44; hka-aqm-n308;  25.25;  50.49;   405;   598;   217;    59;     2;     0;   -57;   -57;   8.5; drag-lps8-01; 7; 7; 125000; 1884
2022-09-11 12:35:04; hka-aqm-n308;  25.23;  50.49;   405;   621;   118;    30;     1;     0;   -57;   -57;   9.2; drag-lps8-01; 6; 7; 125000; 1885
2022-09-11 12:38:45; hka-aqm-n308;  25.18;  50.56;   406;   600;   407;   110;     2;     0;   -57;   -57;   9.0; drag-lps8-01; 3; 7; 125000; 1886
2022-09-11 12:39:05; hka-aqm-n308;  25.22;  50.56;   406;   597;   871;   246;     1;     0;  -126;  -126;  -5.5; drag-outd-01; 7; 7; 125000; 1887
2022-09-11 12:39:24; hka-aqm-n308;  25.22;  50.56;   405;   579;   577;   160;     1;     0;   -57;   -57;   8.8; drag-lps8-01; 0; 7; 125000; 1888
2022-09-11 12:39:44; hka-aqm-n308;  25.16;  50.56;   405;   592;   820;   236;     1;     0;   -54;   -54;   6.8; drag-lps8-01; 5; 7; 125000; 1889
2022-09-11 12:40:05; hka-aqm-n308;  25.24;  50.56;   405;   593;   615;   170;     1;     0;   -54;   -54;   6.8; drag-lps8-01; 2; 7; 125000; 1890
2022-09-11 12:40:43; hka-aqm-n308;  25.25;  50.49;   409;   597;   464;   123;     1;     0;   -57;   -57;  10.0; drag-lps8-01; 1; 7; 125000; 1891
2022-09-11 12:41:24; hka-aqm-n308;  25.24;  50.43;   406;   596;   321;    83;     2;     0;   -57;   -57;   9.2; drag-lps8-01; 4; 7; 125000; 1893
2022-09-11 12:41:44; hka-aqm-n308;  25.24;  50.49;   405;   587;   561;   156;     1;     0;  -128;  -128;  -8.5; drag-outd-01; 3; 7; 125000; 1895
2022-09-11 12:42:04; hka-aqm-n308;  25.29;  50.40;   405;   608;   826;   233;     2;     0;   -54;   -54;   6.8; drag-lps8-01; 5; 7; 125000; 1896
2022-09-11 12:42:24; hka-aqm-n308;  25.35;  50.43;   405;   608;   577;   158;     2;     0;   -57;   -57;  10.2; drag-lps8-01; 1; 7; 125000; 1897
2022-09-11 12:42:45; hka-aqm-n308;  25.32;  50.33;   405;   613;   915;   256;     1;     0;   -57;   -57;   8.8; drag-lps8-01; 6; 7; 125000; 1898
2022-09-11 12:43:05; hka-aqm-n308;  25.29;  50.36;   405;   604;   262;    66;     1;     0;  -128;  -128;  -8.5; drag-outd-01; 0; 7; 125000; 1899
2022-09-11 12:43:24; hka-aqm-n308;  25.27;  50.33;   405;   609;   814;   233;     1;     0;  -124;  -124;  -5.0; drag-outd-01; 4; 7; 125000; 1900
2022-09-11 12:44:04; hka-aqm-n308;  25.43;  50.30;   405;   613;   920;   261;     1;     0;   -57;   -57;   8.8; drag-lps8-01; 7; 7; 125000; 1901
2022-09-11 12:45:03; hka-aqm-n308;  25.42;  50.27;   409;   605;   727;   200;     1;     0;   -57;   -57;   9.8; drag-lps8-01; 0; 7; 125000; 1902
2022-09-11 12:45:24; hka-aqm-n308;  25.43;  50.11;   407;   621;   853;   242;     1;     0;   -57;   -57;   6.8; drag-lps8-01; 2; 7; 125000; 1903
2022-09-11 12:45:44; hka-aqm-n308;  25.45;  50.21;   406;   620;   905;   252;     1;     0;   -57;   -57;   9.2; drag-lps8-01; 1; 7; 125000; 1904
2022-09-11 12:46:04; hka-aqm-n308;  25.52;  50.11;   405;   569;  1022;   280;     1;     0;   -55;   -55;   6.5; drag-lps8-01; 5; 7; 125000; 1905
2022-09-11 12:47:04; hka-aqm-n308;  25.52;  50.08;   405;   583;   928;   261;     2;     0;   -59;   -59;   9.2; drag-lps8-01; 7; 7; 125000; 1906
2022-09-11 12:48:03; hka-aqm-n308;  25.55;  50.05;   407;   602;   947;   261;     1;     0;   -55;   -55;   8.5; drag-lps8-01; 4; 7; 125000; 1907
2022-09-11 12:48:23; hka-aqm-n308;  25.52;  50.01;   406;   608;  1009;   277;     1;     0;  -126;  -126;  -7.5; drag-outd-01; 3; 7; 125000; 1908
2022-09-11 12:48:45; hka-aqm-n308;  25.60;  50.01;   405;   591;   926;   258;     0;     0;   -55;   -55;   8.2; drag-lps8-01; 6; 7; 125000; 1909
2022-09-11 12:49:04; hka-aqm-n308;  25.52;  49.92;   405;   598;   858;   242;     0;     0;   -57;   -57;   7.5; drag-lps8-01; 5; 7; 125000; 1910
2022-09-11 12:49:44; hka-aqm-n308;  25.51;  49.82;   405;   591;   926;   257;     1;     0;   -57;   -57;  10.0; drag-lps8-01; 0; 7; 125000; 1911
2022-09-11 12:51:05; hka-aqm-n308;  25.56;  49.85;   407;   591;   864;   243;     1;     0;   -57;   -57;   6.5; drag-lps8-01; 2; 7; 125000; 1912
2022-09-11 12:53:25; hka-aqm-n308;  25.64;  49.73;   407;   626;   589;   163;     2;     0;   -57;   -57;   9.0; drag-lps8-01; 7; 7; 125000; 1913
2022-09-11 12:54:03; hka-aqm-n308;  25.58;  49.79;   410;   589;   115;    26;     2;     0;  -124;  -124;  -5.0; drag-outd-01; 4; 7; 125000; 1914
2022-09-11 12:58:44; hka-aqm-n308;  25.39;  49.79;   409;   635;   172;    45;     2;     0;   -57;   -57;   8.5; drag-lps8-01; 6; 7; 125000; 1916
2022-09-11 12:59:04; hka-aqm-n308;  25.44;  49.82;   407;   613;   498;   137;     1;     0;   -59;   -59;   8.8; drag-lps8-01; 3; 7; 125000; 1918
2022-09-11 12:59:25; hka-aqm-n308;  25.44;  49.89;   406;   601;   615;   171;     1;     0;   -57;   -57;  10.0; drag-lps8-01; 7; 7; 125000; 1919
2022-09-11 12:59:44; hka-aqm-n308;  25.50;  49.79;   405;   608;   902;   254;     1;     0;   -55;   -55;   6.0; drag-lps8-01; 5; 7; 125000; 1920
2022-09-11 13:00:05; hka-aqm-n308;  25.42;  49.76;   405;   600;   135;    32;     1;     0;  -124;  -124;  -5.5; drag-outd-01; 4; 7; 125000; 1921
2022-09-11 13:01:45; hka-aqm-n308;  25.46;  49.79;   405;   586;   194;    47;     1;     0;   -57;   -57;   8.5; drag-lps8-01; 1; 7; 125000; 1922
2022-09-11 13:02:04; hka-aqm-n308;  25.45;  49.76;   405;   591;   548;   151;     1;     0;   -57;   -57;   9.8; drag-lps8-01; 6; 7; 125000; 1923
2022-09-11 13:03:03; hka-aqm-n308;  25.53;  49.73;   413;   594;   864;   241;     1;     0;   -57;   -57;  10.0; drag-lps8-01; 0; 7; 125000; 1924
2022-09-11 13:03:25; hka-aqm-n308;  25.56;  49.66;   410;   586;   930;   260;     1;     0;   -55;   -55;   6.8; drag-lps8-01; 2; 7; 125000; 1925
2022-09-11 13:03:45; hka-aqm-n308;  25.59;  49.73;   408;   587;   374;    96;     1;     0;  -126;  -126;  -5.8; drag-outd-01; 4; 7; 125000; 1926
2022-09-11 13:04:04; hka-aqm-n308;  25.59;  49.63;   407;   601;   854;   238;     1;     0;   -59;   -59;   9.2; drag-lps8-01; 0; 7; 125000; 1927
2022-09-11 13:04:24; hka-aqm-n308;  25.58;  49.66;   406;   599;   932;   265;     1;     0;   -55;   -55;   9.2; drag-lps8-01; 1; 7; 125000; 1928
2022-09-11 13:05:05; hka-aqm-n308;  25.51;  49.66;   406;   581;   162;    37;     1;     0;   -55;   -55;   7.0; drag-lps8-01; 2; 7; 125000; 1929
2022-09-11 13:05:24; hka-aqm-n308;  25.47;  49.73;   406;   591;   111;    25;     1;     0;   -55;   -55;   6.5; drag-lps8-01; 5; 7; 125000; 1930
2022-09-11 13:08:44; hka-aqm-n308;  25.42;  49.85;   407;   612;   385;   103;     2;     0;   -55;   -55;   7.5; drag-lps8-01; 3; 7; 125000; 1931
2022-09-11 13:09:05; hka-aqm-n308;  25.44;  49.79;   406;   613;   142;    35;     1;     0;  -124;  -124;  -4.5; drag-outd-01; 7; 7; 125000; 1932
2022-09-11 13:12:03; hka-aqm-n308;  25.44;  49.73;   413;   605;   476;   124;     1;     0;   -55;   -55;   9.0; drag-lps8-01; 6; 7; 125000; 1933
2022-09-11 13:12:24; hka-aqm-n308;  25.57;  49.60;   410;   605;  1140;   322;     1;     0;   -57;   -57;   8.5; drag-lps8-01; 0; 7; 125000; 1934
2022-09-11 13:12:45; hka-aqm-n308;  25.65;  49.60;   408;   591;   990;   280;     1;     0;   -59;   -59;   9.8; drag-lps8-01; 3; 7; 125000; 1935
2022-09-11 13:13:44; hka-aqm-n308;  25.54;  49.57;   409;   595;  1190;   336;     1;     0;  -125;  -125;  -6.2; drag-outd-01; 2; 7; 125000; 1936
2022-09-11 13:14:44; hka-aqm-n308;  25.68;  49.41;   409;   587;  1008;   283;     1;     0;   -57;   -57;   9.5; drag-lps8-01; 4; 7; 125000; 1937
2022-09-11 13:15:25; hka-aqm-n308;  25.66;  49.31;   406;   587;  1169;   331;     1;     0;   -57;   -57;   7.2; drag-lps8-01; 1; 7; 125000; 1939
2022-09-11 13:15:45; hka-aqm-n308;  25.64;  49.31;   405;   588;  1231;   347;     1;     0;   -59;   -59;   9.0; drag-lps8-01; 7; 7; 125000; 1940
2022-09-11 13:16:25; hka-aqm-n308;  25.67;  49.31;   405;   566;   652;   177;     1;     0;   -57;   -57;   8.8; drag-lps8-01; 3; 7; 125000; 1943
2022-09-11 13:16:44; hka-aqm-n308;  25.65;  49.31;   405;   579;   712;   195;     1;     0;   -55;   -55;   7.2; drag-lps8-01; 2; 7; 125000; 1944
2022-09-11 13:17:04; hka-aqm-n308;  25.69;  49.28;   405;   636;   480;   132;     1;     0;   -57;   -57;   8.8; drag-lps8-01; 4; 7; 125000; 1945
2022-09-11 13:17:24; hka-aqm-n308;  25.58;  49.28;   405;   620;   360;   101;     1;     0;   -59;   -59;   9.2; drag-lps8-01; 0; 7; 125000; 1946
2022-09-11 13:24:24; hka-aqm-n308;  25.75;  48.74;   405;   577;   651;   182;     2;     0;   -57;   -57;   9.0; drag-lps8-01; 7; 7; 125000; 1947
2022-09-11 13:24:44; hka-aqm-n308;  25.80;  48.83;   405;   647;  1368;   389;     1;     0;   -57;   -57;   9.0; drag-lps8-01; 1; 7; 125000; 1948
2022-09-11 13:25:04; hka-aqm-n308;  25.78;  48.64;   405;   636;  2826;   802;     1;     0;   -57;   -57;   9.0; drag-lps8-01; 6; 7; 125000; 1949
2022-09-11 13:25:25; hka-aqm-n308;  25.77;  48.71;   405;   623;  4823;  1359;     1;     0;   -54;   -54;   8.8; drag-lps8-01; 1; 7; 125000; 1950
2022-09-11 13:25:44; hka-aqm-n308;  25.79;  48.71;   405;   628;  6677;  1879;     1;     0;   -55;   -55;   8.5; drag-lps8-01; 4; 7; 125000; 1951
2022-09-11 13:26:23; hka-aqm-n308;  25.85;  48.67;   409;   627;  8780;  2458;     1;     0;   -57;   -57;   8.0; drag-lps8-01; 0; 7; 125000; 1952
2022-09-11 13:27:03; hka-aqm-n308;  25.82;  48.61;   411;   614; 10685;  2965;     1;     0;   -57;   -57;  10.2; drag-lps8-01; 6; 7; 125000; 1953
2022-09-11 13:27:25; hka-aqm-n308;  25.81;  48.71;   409;   601; 10745;  2977;     1;     0;   -57;   -57;   9.8; drag-lps8-01; 7; 7; 125000; 1954
2022-09-11 13:28:04; hka-aqm-n308;  25.79;  48.61;   406;   602; 10017;  2768;     1;     0;   -57;   -57;   7.0; drag-lps8-01; 2; 7; 125000; 1955
2022-09-11 13:28:24; hka-aqm-n308;  25.82;  48.58;   405;   610;  7497;  2046;     1;     0;   -55;   -55;   8.2; drag-lps8-01; 3; 7; 125000; 1956
2022-09-11 13:28:44; hka-aqm-n308;  25.81;  48.51;   405;   608;  5378;  1447;     2;     0;  -122;  -122;  -6.5; drag-outd-01; 5; 7; 125000; 1957
2022-09-11 13:29:04; hka-aqm-n308;  25.80;  48.58;   405;   601;  3489;   926;     2;     0;  -126;  -126;  -6.5; drag-outd-01; 0; 7; 125000; 1958
2022-09-11 13:29:24; hka-aqm-n308;  25.78;  48.42;   405;   605;  1814;   471;     1;     0;  -122;  -122;  -4.8; drag-outd-01; 6; 7; 125000; 1959
2022-09-11 13:29:44; hka-aqm-n308;  25.87;  48.42;   405;   599;  1105;   281;     1;     0;  -128;  -128;  -7.8; drag-outd-01; 7; 7; 125000; 1960
2022-09-11 13:30:23; hka-aqm-n308;  25.84;  48.26;   409;   594;   654;   165;     1;     0;   -57;   -57;   6.5; drag-lps8-01; 5; 7; 125000; 1961
2022-09-11 13:30:44; hka-aqm-n308;  25.81;  48.35;   407;   612;   346;    89;     1;     0;   -59;   -59;   9.2; drag-lps8-01; 3; 7; 125000; 1963
2022-09-11 13:31:23; hka-aqm-n308;  25.84;  48.29;   410;   604;   292;    74;     1;     0;   -55;   -55;   6.0; drag-lps8-01; 2; 7; 125000; 1965
2022-09-11 13:37:24; hka-aqm-n308;  25.84;  48.00;   405;   616;   315;    87;     2;     0;   -57;   -57;  10.0; drag-lps8-01; 0; 7; 125000; 1966
2022-09-11 13:38:04; hka-aqm-n308;  25.91;  48.19;   409;   607;   859;   231;     0;     0;   -57;   -57;   6.5; drag-lps8-01; 5; 7; 125000; 1967
2022-09-11 13:38:24; hka-aqm-n308;  25.92;  48.00;   407;   599;  1037;   273;     2;     0;   -57;   -57;   9.2; drag-lps8-01; 1; 7; 125000; 1968
2022-09-11 13:39:05; hka-aqm-n308;  25.90;  47.97;   405;   579;   949;   249;     2;     0;   -57;   -57;   9.0; drag-lps8-01; 3; 7; 125000; 1969
2022-09-11 13:39:25; hka-aqm-n308;  25.96;  48.07;   405;   575;   811;   218;     0;     0;   -57;   -57;   8.8; drag-lps8-01; 6; 7; 125000; 1970
2022-09-11 13:40:43; hka-aqm-n308;  26.04;  48.03;   413;   575;  1035;   272;     0;     0;   -55;   -55;   7.8; drag-lps8-01; 7; 7; 125000; 1971
2022-09-11 13:41:23; hka-aqm-n308;  26.29;  47.55;   414;   576;   880;   233;     1;     0;   -55;   -55;   8.5; drag-lps8-01; 4; 7; 125000; 1972
2022-09-11 13:41:43; hka-aqm-n308;  26.46;  47.13;   411;   585;   785;   211;     1;     0;   -57;   -57;   7.0; drag-lps8-01; 2; 7; 125000; 1973
2022-09-11 13:42:23; hka-aqm-n308;  26.91;  46.27;   407;   583;   944;   248;     1;     0;   -57;   -57;   9.8; drag-lps8-01; 6; 7; 125000; 1974
2022-09-11 13:43:04; hka-aqm-n308;  27.30;  45.04;   405;   604;   833;   221;     2;     0;   -57;   -57;   8.5; drag-lps8-01; 1; 7; 125000; 1975
2022-09-11 13:43:45; hka-aqm-n308;  27.32;  45.33;   405;   585;   866;   230;     2;     0;   -57;   -57;  10.0; drag-lps8-01; 3; 7; 125000; 1976
2022-09-11 13:44:23; hka-aqm-n308;  27.20;  45.14;   409;   576;   945;   246;     2;     0;   -57;   -57;   9.8; drag-lps8-01; 0; 7; 125000; 1977
2022-09-11 13:44:44; hka-aqm-n308;  26.92;  45.75;   407;   576;   879;   229;     2;     0;   -57;   -57;   7.2; drag-lps8-01; 2; 7; 125000; 1978
2022-09-11 13:45:05; hka-aqm-n308;  26.82;  46.68;   406;   569;   806;   215;     2;     0;   -57;   -57;   7.0; drag-lps8-01; 5; 7; 125000; 1979
2022-09-11 13:45:44; hka-aqm-n308;  26.64;  46.36;   405;   556;   861;   229;     2;     0;   -57;   -57;   8.5; drag-lps8-01; 7; 7; 125000; 1980
2022-09-11 13:46:23; hka-aqm-n308;  26.59;  46.52;   409;   554;   926;   244;     1;     0;   -57;   -57;   9.5; drag-lps8-01; 4; 7; 125000; 1981
2022-09-11 13:47:23; hka-aqm-n308;  26.62;  46.59;   410;   564;   777;   208;     2;     0;   -57;   -57;   6.2; drag-lps8-01; 5; 7; 125000; 1982
2022-09-11 13:47:45; hka-aqm-n308;  26.56;  46.46;   408;   578;   848;   222;     2;     0;   -57;   -57;   9.5; drag-lps8-01; 7; 7; 125000; 1983
2022-09-11 13:48:44; hka-aqm-n308;  26.48;  46.46;   405;   587;   727;   190;     2;     0;   -57;   -57;   8.5; drag-lps8-01; 6; 7; 125000; 1984
2022-09-11 13:49:05; hka-aqm-n308;  26.52;  46.46;   405;   585;   623;   162;     2;     0;   -59;   -59;  10.0; drag-lps8-01; 3; 7; 125000; 1986
2022-09-11 13:50:44; hka-aqm-n308;  26.34;  46.52;   406;   584;   495;   125;     2;     0;   -57;   -57;   9.8; drag-lps8-01; 1; 7; 125000; 1987
2022-09-11 13:51:04; hka-aqm-n308;  26.34;  46.56;   405;   581;   359;    90;     1;     0;   -60;   -60;   9.5; drag-lps8-01; 0; 7; 125000; 1988
2022-09-11 13:51:44; hka-aqm-n308;  26.25;  46.59;   409;   578;   161;    40;     2;     0;   -59;   -59;   8.8; drag-lps8-01; 4; 7; 125000; 1989
2022-09-11 14:06:50; hka-aqm-n308;  26.06;  46.91;   411;   571;   118;    30;     2;     0;  -129;  -129;  -8.2; drag-outd-01; 7; 7; 125000; 1990
2022-09-11 14:12:44; hka-aqm-n308;  26.02;  47.26;   405;   572;    66;    12;     2;     0;   -55;   -55;   8.2; drag-lps8-01; 6; 7; 125000; 1991
2022-09-11 14:14:24; hka-aqm-n308;  25.97;  47.26;   405;   578;   146;    39;     2;     0;   -58;   -58;   8.5; drag-lps8-01; 3; 7; 125000; 1992
2022-09-11 14:15:44; hka-aqm-n308;  25.94;  47.36;   406;   547;   154;    40;     0;     0;   -57;   -57;   9.5; drag-lps8-01; 4; 7; 125000; 1993
2022-09-11 14:30:50; hka-aqm-n308;  25.83;  47.36;   402;   572;   143;    37;     0;     0;   -60;   -60;   9.0; drag-lps8-01; 0; 7; 125000; 1994
2022-09-11 14:45:56; hka-aqm-n308;  25.69;  47.20;   404;   584;   156;    42;     0;     0;   -57;   -57;   7.0; drag-lps8-01; 5; 7; 125000; 1995
2022-09-11 14:54:04; hka-aqm-n308;  25.68;  46.94;   402;   590;    56;    11;     2;     0;   -57;   -57;   8.2; drag-lps8-01; 1; 7; 125000; 1996
2022-09-11 14:59:42; hka-aqm-n308;  25.71;  46.78;   407;   566;    78;    18;     1;     0;   -59;   -59;   8.2; drag-lps8-01; 7; 7; 125000; 1998
2022-09-11 15:00:23; hka-aqm-n308;  25.66;  46.85;   404;   563;   142;    38;     1;     0;   -57;   -57;   6.2; drag-lps8-01; 2; 7; 125000; 1999
2022-09-11 15:15:30; hka-aqm-n308;  25.63;  46.62;   402;   566;   113;    32;     1;     0;   -57;   -57;   9.0; drag-lps8-01; 4; 7; 125000; 2000
2022-09-11 15:18:04; hka-aqm-n308;  25.60;  46.52;   405;   560;    57;    12;     2;     0;  -125;  -125;  -6.0; drag-outd-01; 6; 7; 125000; 2001
2022-09-11 15:25:23; hka-aqm-n308;  25.69;  46.30;   407;   570;   290;    76;     2;     0;   -60;   -60;   9.0; drag-lps8-01; 0; 7; 125000; 2002
2022-09-11 15:26:44; hka-aqm-n308;  25.62;  46.33;   402;   551;   360;    90;     1;     0;   -57;   -57;   7.2; drag-lps8-01; 5; 7; 125000; 2003
2022-09-11 15:27:04; hka-aqm-n308;  25.59;  46.30;   401;   597;   432;   109;     1;     0;   -57;   -57;   8.8; drag-lps8-01; 1; 7; 125000; 2004
2022-09-11 15:29:43; hka-aqm-n308;  25.64;  46.39;   406;   546;   448;   112;     1;     0;  -128;  -128;  -7.2; drag-outd-01; 3; 7; 125000; 2005
2022-09-11 15:30:04; hka-aqm-n308;  25.66;  46.39;   404;   547;   387;    98;     1;     0;   -55;   -55;   6.0; drag-lps8-01; 2; 7; 125000; 2006
2022-09-11 15:30:24; hka-aqm-n308;  25.68;  46.39;   403;   548;   246;    63;     1;     0;   -58;   -58;   8.0; drag-lps8-01; 4; 7; 125000; 2008
2022-09-11 15:30:44; hka-aqm-n308;  25.66;  46.39;   402;   549;   308;    77;     1;     0;   -56;   -56;   7.8; drag-lps8-01; 7; 7; 125000; 2010
2022-09-11 15:31:03; hka-aqm-n308;  25.61;  46.36;   402;   557;   416;   105;     1;     0;   -60;   -60;   9.0; drag-lps8-01; 0; 7; 125000; 2011
2022-09-11 15:31:44; hka-aqm-n308;  25.68;  46.43;   400;   568;   370;    94;     1;     0;   -54;   -54;   6.2; drag-lps8-01; 5; 7; 125000; 2013
2022-09-11 15:35:42; hka-aqm-n308;  25.59;  46.36;   404;   564;   178;    43;     2;     0;   -55;   -55;   7.0; drag-lps8-01; 2; 7; 125000; 2014
2022-09-11 15:50:49; hka-aqm-n308;  25.57;  46.46;   403;   570;   157;    41;     0;     0;   -57;   -57;   8.8; drag-lps8-01; 3; 7; 125000; 2015
2022-09-11 15:51:04; hka-aqm-n308;  25.60;  46.52;   401;   566;    98;    25;     2;     0;   -59;   -59;   9.0; drag-lps8-01; 0; 7; 125000; 2016
2022-09-11 16:04:44; hka-aqm-n308;  25.57;  46.56;   399;   579;   151;    38;     2;     0;   -57;   -57;   8.8; drag-lps8-01; 1; 7; 125000; 2018
2022-09-11 16:05:25; hka-aqm-n308;  25.60;  46.46;   399;   549;    90;    22;     2;     0;   -57;   -57;   7.0; drag-lps8-01; 5; 7; 125000; 2019
2022-09-11 16:07:24; hka-aqm-n308;  25.48;  46.43;   400;   576;    55;    13;     1;     0;   -57;   -57;   8.5; drag-lps8-01; 4; 7; 125000; 2020
2022-09-11 16:22:30; hka-aqm-n308;  25.46;  46.07;   399;   558;    53;    12;     1;     0;   -55;   -55;   8.5; drag-lps8-01; 6; 7; 125000; 2021
2022-09-11 16:37:36; hka-aqm-n308;  25.40;  45.85;   399;   554;    48;    11;     2;     0;   -57;   -57;   7.0; drag-lps8-01; 5; 7; 125000; 2022
2022-09-11 16:52:45; hka-aqm-n308;  25.33;  45.88;   399;   553;    41;    11;     2;     0;   -57;   -57;   8.8; drag-lps8-01; 6; 7; 125000; 2023
2022-09-11 17:07:51; hka-aqm-n308;  25.22;  46.39;   413;   564;    29;     6;     2;     0;   -59;   -59;   9.8; drag-lps8-01; 0; 7; 125000; 2024
2022-09-11 17:22:57; hka-aqm-n308;  25.21;  46.56;   407;   561;    29;     6;     2;     0;   -59;   -59;   9.8; drag-lps8-01; 7; 7; 125000; 2025
2022-09-11 17:38:04; hka-aqm-n308;  25.11;  47.20;   401;   503;    32;     7;     2;     0;   -57;   -57;   9.2; drag-lps8-01; 4; 7; 125000; 2026
2022-09-11 17:53:11; hka-aqm-n308;  25.09;  46.62;   407;   552;    18;     3;     2;     0;   -57;   -57;   9.2; drag-lps8-01; 1; 7; 125000; 2027
2022-09-11 18:08:17; hka-aqm-n308;  25.00;  47.65;   409;   553;    18;     3;     0;     0;   -57;   -57;   7.0; drag-lps8-01; 2; 7; 125000; 2028
2022-09-11 18:23:25; hka-aqm-n308;  25.00;  49.03;   416;   569;    16;     2;     2;     0;   -55;   -55;   7.5; drag-lps8-01; 3; 7; 125000; 2029
2022-09-11 18:38:31; hka-aqm-n308;  24.94;  49.57;   411;   576;    17;     4;     1;     0;   -57;   -57;  10.2; drag-lps8-01; 1; 7; 125000; 2030
2022-09-11 18:53:37; hka-aqm-n308;  24.94;  50.65;   415;   580;    13;     2;     2;     0;   -55;   -55;   6.8; drag-lps8-01; 2; 7; 125000; 2031
2022-09-11 19:08:45; hka-aqm-n308;  24.91;  51.35;   420;   568;    12;     1;     2;     0;   -54;   -54;   7.0; drag-lps8-01; 5; 7; 125000; 2032
2022-09-11 19:23:51; hka-aqm-n308;  24.85;  51.73;   430;   551;    11;     1;     0;     0;   -59;   -59;  10.0; drag-lps8-01; 0; 7; 125000; 2033
2022-09-11 19:39:04; hka-aqm-n308;  24.83;  51.25;   417;   585;     9;     1;     0;     0;   -60;   -60;   9.5; drag-lps8-01; 7; 7; 125000; 2035
2022-09-11 19:54:17; hka-aqm-n308;  24.79;  51.63;   425;   567;     9;     1;     2;     0;   -57;   -57;   9.0; drag-lps8-01; 6; 7; 125000; 2037
2022-09-11 20:09:23; hka-aqm-n308;  24.81;  51.60;   424;   569;    11;     3;     2;     0;   -57;   -57;   9.2; drag-lps8-01; 1; 7; 125000; 2038
2022-09-11 20:24:29; hka-aqm-n308;  24.74;  51.70;   425;   586;     9;     1;     2;     0;   -57;   -57;  10.0; drag-lps8-01; 7; 7; 125000; 2039
2022-09-11 20:39:36; hka-aqm-n308;  24.70;  52.30;   433;   575;     9;     1;     0;     0;  -126;  -126;  -6.5; drag-outd-01; 3; 7; 125000; 2040
2022-09-11 20:54:44; hka-aqm-n308;  24.63;  52.52;   446;   571;     9;     1;     1;     0;  -124;  -124;  -6.2; drag-outd-01; 4; 7; 125000; 2041
2022-09-11 21:09:50; hka-aqm-n308;  24.61;  52.52;   445;   563;     9;     1;     2;     0;   -57;   -57;   7.0; drag-lps8-01; 5; 7; 125000; 2042
2022-09-11 21:24:56; hka-aqm-n308;  24.53;  52.71;   450;   578;     9;     1;     1;     0;   -57;   -57;   7.2; drag-lps8-01; 2; 7; 125000; 2043
2022-09-11 21:40:05; hka-aqm-n308;  24.42;  52.68;   453;   561;     9;     1;     2;     0;   -59;   -59;   9.5; drag-lps8-01; 0; 7; 125000; 2044
2022-09-11 21:55:11; hka-aqm-n308;  24.42;  52.58;   457;   599;     9;     1;     1;     0;  -125;  -125;  -6.8; drag-outd-01; 6; 7; 125000; 2045
2022-09-11 22:10:17; hka-aqm-n308;  24.45;  52.39;   461;   571;     9;     1;     2;     0;  -128;  -128;  -8.5; drag-outd-01; 7; 7; 125000; 2046
2022-09-11 22:25:25; hka-aqm-n308;  24.42;  52.17;   456;   571;     9;     1;     2;     0;   -57;   -57;   6.8; drag-lps8-01; 2; 7; 125000; 2047
2022-09-11 22:40:31; hka-aqm-n308;  24.40;  52.08;   457;   609;     9;     1;     2;     0;   -57;   -57;   7.0; drag-lps8-01; 5; 7; 125000; 2048
2022-09-11 22:55:37; hka-aqm-n308;  24.39;  52.01;   470;   600;     9;     1;     2;     0;   -55;   -55;   9.0; drag-lps8-01; 4; 7; 125000; 2049
2022-09-11 23:10:44; hka-aqm-n308;  24.38;  51.86;   464;   560;    11;     3;     2;     0;   -55;   -55;  10.0; drag-lps8-01; 6; 7; 125000; 2050
2022-09-11 23:25:50; hka-aqm-n308;  24.37;  51.70;   465;   565;     9;     1;     2;     0;  -127;  -127;  -7.2; drag-outd-01; 3; 7; 125000; 2051
2022-09-11 23:40:56; hka-aqm-n308;  24.37;  51.35;   466;   567;    11;     3;     2;     0;   -57;   -57;   9.0; drag-lps8-01; 0; 7; 125000; 2052
2022-09-11 23:56:04; hka-aqm-n308;  24.37;  51.06;   467;   528;    11;     2;     2;     0;   -55;   -55;   8.2; drag-lps8-01; 1; 7; 125000; 2053
