# Logfile LoRaWAN TTN/TTS V3 logger version hka-log V 1.1
date_time;device_id;tmp;hum;CO2;VOC;vis;IR;WIFI;BLE;rssi;channel_rssi;snr;gateway;channel_index;spreading_factor;bandwidth;f_cnt
2022-09-21 00:13:05; hka-aqm-n112;  23.97;  35.79;   490;   690;     7;     0;     3;     2;   -61;   -61;   9.8; drag-lps8-01; 3; 7; 125000; 901
2022-09-21 00:28:11; hka-aqm-n112;  23.95;  35.32;   474;   675;     7;     0;     1;     0;   -61;   -61;  10.5; drag-lps8-01; 6; 7; 125000; 902
2022-09-21 00:43:19; hka-aqm-n112;  23.94;  34.92;   475;   662;    10;     3;     3;     2;   -61;   -61;   9.2; drag-lps8-01; 0; 7; 125000; 903
2022-09-21 00:58:25; hka-aqm-n112;  23.94;  34.49;   477;   660;     8;     1;     2;     0;   -61;   -61;   8.8; drag-lps8-01; 7; 7; 125000; 904
2022-09-21 01:13:31; hka-aqm-n112;  23.89;  34.19;   476;   649;     7;     0;     3;     2;   -60;   -60;   7.0; drag-lps8-01; 5; 7; 125000; 905
2022-09-21 01:28:39; hka-aqm-n112;  23.86;  33.92;   486;   628;     7;     1;     3;     2;   -63;   -63;   9.2; drag-lps8-01; 0; 7; 125000; 906
2022-09-21 01:43:45; hka-aqm-n112;  23.89;  33.52;   483;   610;     7;     0;     3;     2;   -58;   -58;   7.0; drag-lps8-01; 2; 7; 125000; 907
2022-09-21 01:58:52; hka-aqm-n112;  23.90;  33.25;   485;   605;    10;     3;     0;     0;   -61;   -61;  10.2; drag-lps8-01; 3; 7; 125000; 908
2022-09-21 02:13:58; hka-aqm-n112;  23.88;  33.12;   484;   598;     7;     0;     1;     0;   -61;   -61;   9.0; drag-lps8-01; 6; 7; 125000; 909
2022-09-21 02:29:11; hka-aqm-n112;  23.85;  33.09;   477;   593;    10;     3;     3;     2;   -63;   -63;   8.8; drag-lps8-01; 4; 7; 125000; 911
2022-09-21 02:44:19; hka-aqm-n112;  23.86;  32.82;   471;   593;    10;     3;     3;     2;   -63;   -63;   9.2; drag-lps8-01; 3; 7; 125000; 912
2022-09-21 02:59:32; hka-aqm-n112;  23.82;  32.68;   470;   595;     7;     2;     3;     2;   -59;   -59;   7.2; drag-lps8-01; 2; 7; 125000; 914
2022-09-21 03:14:38; hka-aqm-n112;  23.82;  32.25;   475;   593;     7;     0;     0;     0;   -60;   -60;   8.2; drag-lps8-01; 6; 7; 125000; 915
2022-09-21 03:29:44; hka-aqm-n112;  23.84;  31.84;   476;   571;     7;     0;     0;     0;   -59;   -59;   7.0; drag-lps8-01; 5; 7; 125000; 916
2022-09-21 03:44:50; hka-aqm-n112;  23.76;  31.71;   486;   548;    10;     3;     3;     2;   -59;   -59;   8.0; drag-lps8-01; 4; 7; 125000; 917
2022-09-21 03:59:58; hka-aqm-n112;  23.80;  31.58;   486;   562;     9;     3;     0;     0;   -63;   -63;   9.2; drag-lps8-01; 0; 7; 125000; 918
2022-09-21 04:15:04; hka-aqm-n112;  23.84;  31.31;   481;   575;     7;     0;     3;     2;   -61;   -61;   9.5; drag-lps8-01; 1; 7; 125000; 919
2022-09-21 04:30:10; hka-aqm-n112;  23.84;  31.24;   483;   618;     7;     0;     3;     2;   -56;   -56;   7.2; drag-lps8-01; 2; 7; 125000; 920
2022-09-21 04:45:17; hka-aqm-n112;  23.79;  31.04;   487;   609;     7;     0;     3;     2;   -60;   -60;   8.2; drag-lps8-01; 3; 7; 125000; 921
2022-09-21 05:00:24; hka-aqm-n112;  23.77;  31.00;   488;   592;     7;     0;     3;     2;   -60;   -60;   8.2; drag-lps8-01; 1; 7; 125000; 922
2022-09-21 05:15:30; hka-aqm-n112;  23.76;  30.83;   486;   623;     7;     0;     3;     2;   -60;   -60;   9.2; drag-lps8-01; 4; 7; 125000; 923
2022-09-21 05:30:37; hka-aqm-n112;  23.77;  30.56;   495;   587;     7;     0;     3;     2;   -60;   -60;   7.0; drag-lps8-01; 5; 7; 125000; 924
2022-09-21 05:45:44; hka-aqm-n112;  23.71;  30.23;   500;   587;     7;     0;     3;     2;   -61;   -61;   9.2; drag-lps8-01; 6; 7; 125000; 925
2022-09-21 05:58:57; hka-aqm-n112;  23.74;  29.96;   498;   609;   143;    27;     3;     2;   -63;   -63;   8.8; drag-lps8-01; 0; 7; 125000; 926
2022-09-21 05:59:17; hka-aqm-n112;  23.72;  29.96;   497;   604;     9;     2;     0;     0;   -60;   -60;   8.0; drag-lps8-01; 7; 7; 125000; 927
2022-09-21 06:14:23; hka-aqm-n112;  23.70;  29.96;   492;   587;     7;     0;     1;     0;   -59;   -59;   8.0; drag-lps8-01; 6; 7; 125000; 928
2022-09-21 06:29:30; hka-aqm-n112;  23.72;  29.75;   492;   605;     7;     0;     1;     0;   -61;   -61;   9.0; drag-lps8-01; 1; 7; 125000; 929
2022-09-21 06:44:38; hka-aqm-n112;  23.68;  29.72;   495;   630;     7;     2;     2;     0;   -63;   -63;   9.2; drag-lps8-01; 7; 7; 125000; 930
2022-09-21 06:59:44; hka-aqm-n112;  23.69;  29.55;   498;   627;    10;     3;     2;     0;   -63;   -63;   9.2; drag-lps8-01; 0; 7; 125000; 931
2022-09-21 07:14:51; hka-aqm-n112;  23.64;  29.42;   495;   614;    10;     3;     2;     0;   -61;   -61;   9.5; drag-lps8-01; 3; 7; 125000; 932
2022-09-21 07:29:59; hka-aqm-n112;  23.61;  29.35;   499;   628;     8;     1;     2;     0;   -59;   -59;   7.0; drag-lps8-01; 5; 7; 125000; 933
2022-09-21 07:45:12; hka-aqm-n112;  23.62;  29.52;   509;   627;     9;     1;     2;     0;   -61;   -61;   6.8; drag-lps8-01; 2; 7; 125000; 935
2022-09-21 08:00:24; hka-aqm-n112;  23.58;  29.89;   499;   627;    10;     1;     2;     0;   -61;   -61;   8.8; drag-lps8-01; 6; 7; 125000; 937
2022-09-21 08:15:38; hka-aqm-n112;  23.56;  30.36;   506;   576;    11;     2;     2;     0;   -61;   -61;  10.0; drag-lps8-01; 3; 7; 125000; 939
2022-09-21 08:30:45; hka-aqm-n112;  23.56;  30.97;   500;   622;    12;     2;     2;     0;   -63;   -63;   9.0; drag-lps8-01; 7; 7; 125000; 940
2022-09-21 08:45:51; hka-aqm-n112;  23.60;  31.84;   495;   642;    16;     5;     2;     0;   -58;   -58;   8.0; drag-lps8-01; 2; 7; 125000; 941
2022-09-21 09:00:59; hka-aqm-n112;  23.58;  32.78;   489;   670;    31;     7;     2;     0;   -63;   -63;   9.2; drag-lps8-01; 0; 7; 125000; 942
2022-09-21 09:16:05; hka-aqm-n112;  23.62;  33.59;   482;   657;    17;     5;     2;     0;   -59;   -59;   7.2; drag-lps8-01; 5; 7; 125000; 943
2022-09-21 09:31:11; hka-aqm-n112;  23.65;  34.12;   478;   708;    15;     3;     2;     0;   -57;   -57;   6.8; drag-lps8-01; 2; 7; 125000; 944
2022-09-21 09:35:18; hka-aqm-n112;  23.68;  34.39;   472;   734;   237;    46;     2;     0;   -60;   -60;   8.8; drag-lps8-01; 1; 7; 125000; 945
2022-09-21 09:44:57; hka-aqm-n112;  23.73;  34.72;   483;   743;    17;     3;     2;     2;   -61;   -61;   9.8; drag-lps8-01; 4; 7; 125000; 946
2022-09-21 10:00:04; hka-aqm-n112;  23.81;  35.22;   481;   732;    16;     3;     1;     1;   -63;   -63;   9.8; drag-lps8-01; 0; 7; 125000; 947
2022-09-21 10:15:10; hka-aqm-n112;  23.80;  35.62;   471;   772;    18;     5;     1;     1;   -59;   -59;   6.2; drag-lps8-01; 5; 7; 125000; 948
2022-09-21 10:30:17; hka-aqm-n112;  23.81;  35.69;   467;   751;    19;     4;     1;     1;   -59;   -59;   8.2; drag-lps8-01; 6; 7; 125000; 949
2022-09-21 10:45:23; hka-aqm-n112;  23.84;  35.72;   456;   747;    22;     5;     1;     1;   -61;   -61;  10.0; drag-lps8-01; 7; 7; 125000; 950
2022-09-21 11:00:29; hka-aqm-n112;  23.87;  35.99;   455;   779;    27;     6;     1;     1;   -61;   -61;   9.8; drag-lps8-01; 3; 7; 125000; 951
2022-09-21 11:15:38; hka-aqm-n112;  23.93;  36.19;   446;   772;    42;    11;     1;     1;   -61;   -61;   9.8; drag-lps8-01; 7; 7; 125000; 952
2022-09-21 11:19:57; hka-aqm-n112;  23.90;  36.12;   442;   749;   140;    36;     1;     1;   -59;   -59;   7.2; drag-lps8-01; 2; 7; 125000; 953
2022-09-21 11:20:17; hka-aqm-n112;  23.92;  36.12;   441;   750;   224;    56;     1;     0;   -59;   -59;   6.5; drag-lps8-01; 5; 7; 125000; 954
2022-09-21 11:20:38; hka-aqm-n112;  23.91;  36.19;   441;   787;   311;    77;     1;     0;   -61;   -61;   8.8; drag-lps8-01; 3; 7; 125000; 955
2022-09-21 11:20:58; hka-aqm-n112;  23.92;  36.12;   441;   773;   410;   102;     1;     0;   -61;   -61;   9.2; drag-lps8-01; 4; 7; 125000; 956
2022-09-21 11:21:17; hka-aqm-n112;  23.90;  36.16;   441;   767;   464;   115;     0;     0;   -60;   -60;   9.0; drag-lps8-01; 1; 7; 125000; 957
2022-09-21 11:21:57; hka-aqm-n112;  23.92;  36.12;   441;   758;   374;    94;     0;     0;   -61;   -61;   9.5; drag-lps8-01; 6; 7; 125000; 958
2022-09-21 11:22:17; hka-aqm-n112;  23.91;  36.12;   441;   756;   285;    71;     0;     0;   -61;   -61;   9.8; drag-lps8-01; 1; 7; 125000; 960
2022-09-21 11:22:37; hka-aqm-n112;  23.90;  36.12;   441;   756;   196;    50;     0;     0;   -61;   -61;   9.5; drag-lps8-01; 3; 7; 125000; 962
2022-09-21 11:22:58; hka-aqm-n112;  23.89;  36.16;   441;   751;   116;    32;     0;     0;   -61;   -61;   9.2; drag-lps8-01; 7; 7; 125000; 963
2022-09-21 11:23:18; hka-aqm-n112;  23.90;  36.16;   441;   748;    53;    14;     0;     0;   -63;   -63;   9.8; drag-lps8-01; 0; 7; 125000; 964
2022-09-21 11:28:38; hka-aqm-n112;  23.93;  36.06;   438;   746;   148;    37;     1;     0;   -60;   -60;  10.2; drag-lps8-01; 4; 7; 125000; 965
2022-09-21 11:28:57; hka-aqm-n112;  23.94;  36.06;   438;   744;   233;    60;     0;     0;   -60;   -60;   6.5; drag-lps8-01; 2; 7; 125000; 966
2022-09-21 11:29:17; hka-aqm-n112;  23.91;  36.06;   438;   745;   350;    88;     0;     0;   -59;   -59;   6.2; drag-lps8-01; 5; 7; 125000; 967
2022-09-21 11:29:56; hka-aqm-n112;  23.92;  36.02;   442;   742;   441;   110;     0;     0;   -61;   -61;   8.8; drag-lps8-01; 7; 7; 125000; 968
2022-09-21 11:30:17; hka-aqm-n112;  23.91;  36.02;   440;   741;   583;   148;     0;     0;   -61;   -61;   9.2; drag-lps8-01; 3; 7; 125000; 969
2022-09-21 11:45:23; hka-aqm-n112;  24.44;  35.52;   435;   747;   748;   192;     1;     0;   -60;   -60;   9.8; drag-lps8-01; 4; 7; 125000; 970
2022-09-21 11:48:17; hka-aqm-n112;  24.45;  35.39;   433;   750;   645;   168;     1;     0;   -60;   -60;   7.2; drag-lps8-01; 5; 7; 125000; 971
2022-09-21 11:48:37; hka-aqm-n112;  24.49;  35.36;   432;   751;   502;   130;     1;     0;   -63;   -63;  10.2; drag-lps8-01; 0; 7; 125000; 972
2022-09-21 11:48:57; hka-aqm-n112;  24.46;  35.26;   432;   751;   350;    91;     1;     0;   -61;   -61;   9.8; drag-lps8-01; 1; 7; 125000; 973
2022-09-21 11:49:18; hka-aqm-n112;  24.48;  35.29;   432;   749;   221;    59;     0;     0;   -60;   -60;   7.0; drag-lps8-01; 2; 7; 125000; 974
2022-09-21 11:49:58; hka-aqm-n112;  24.48;  35.22;   436;   743;    78;    21;     1;     0;   -60;   -60;   9.0; drag-lps8-01; 6; 7; 125000; 975
2022-09-21 12:05:04; hka-aqm-n112;  24.28;  35.32;   434;   729;    65;    16;     1;     0;   -61;   -61;   9.8; drag-lps8-01; 4; 7; 125000; 976
2022-09-21 12:13:37; hka-aqm-n112;  24.22;  35.36;   422;   724;   232;    62;     2;     1;   -63;   -63;  10.8; drag-lps8-01; 0; 7; 125000; 977
2022-09-21 12:13:57; hka-aqm-n112;  24.24;  35.32;   421;   720;   466;   124;     0;     0;   -61;   -61;   9.0; drag-lps8-01; 1; 7; 125000; 979
2022-09-21 12:14:17; hka-aqm-n112;  24.24;  35.26;   421;   677;   633;   166;     0;     0;   -63;   -63;   8.8; drag-lps8-01; 7; 7; 125000; 980
2022-09-21 12:14:38; hka-aqm-n112;  24.24;  35.22;   421;   687;   916;   243;     0;     0;   -60;   -60;   6.5; drag-lps8-01; 2; 7; 125000; 981
2022-09-21 12:14:58; hka-aqm-n112;  24.24;  35.19;   421;   696;  1031;   273;     0;     0;   -61;   -61;   8.5; drag-lps8-01; 6; 7; 125000; 983
2022-09-21 12:15:17; hka-aqm-n112;  24.22;  35.19;   421;   703;  1179;   313;     0;     0;   -61;   -61;   9.2; drag-lps8-01; 1; 7; 125000; 985
2022-09-21 12:16:17; hka-aqm-n112;  24.24;  35.12;   421;   706;  1207;   321;     1;     0;   -60;   -60;   8.2; drag-lps8-01; 3; 7; 125000; 986
2022-09-21 12:16:38; hka-aqm-n112;  24.21;  35.12;   420;   705;  1114;   294;     0;     0;   -63;   -63;   9.2; drag-lps8-01; 0; 7; 125000; 987
2022-09-21 12:16:57; hka-aqm-n112;  24.22;  35.12;   420;   706;  1211;   321;     0;     0;   -59;   -59;   6.8; drag-lps8-01; 2; 7; 125000; 988
2022-09-21 12:17:17; hka-aqm-n112;  24.24;  35.12;   420;   707;  1081;   285;     0;     0;   -61;   -61;  10.0; drag-lps8-01; 6; 7; 125000; 989
2022-09-21 12:17:38; hka-aqm-n112;  24.29;  35.06;   420;   705;   911;   240;     0;     0;   -61;   -61;   9.8; drag-lps8-01; 7; 7; 125000; 990
2022-09-21 12:17:57; hka-aqm-n112;  24.24;  35.02;   420;   708;   707;   189;     1;     0;   -60;   -60;   8.8; drag-lps8-01; 4; 7; 125000; 991
2022-09-21 12:18:18; hka-aqm-n112;  24.24;  34.99;   420;   771;   464;   123;     1;     0;  -126;  -126;  -7.5; drag-outd-01; 2; 7; 125000; 992
2022-09-21 12:18:56; hka-aqm-n112;  24.24;  34.99;   424;   745;   261;    73;     1;     0;   -59;   -59;   6.8; drag-lps8-01; 5; 7; 125000; 993
2022-09-21 12:19:17; hka-aqm-n112;  24.28;  34.92;   422;   728;    91;    24;     0;     0;   -60;   -60;   8.5; drag-lps8-01; 3; 7; 125000; 994
2022-09-21 12:20:38; hka-aqm-n112;  24.25;  34.79;   421;   706;   248;    68;     0;     0;   -61;   -61;  10.0; drag-lps8-01; 1; 7; 125000; 995
2022-09-21 12:20:57; hka-aqm-n112;  24.26;  34.76;   419;   706;   387;   102;     1;     0;   -61;   -61;   9.5; drag-lps8-01; 4; 7; 125000; 996
2022-09-21 12:21:17; hka-aqm-n112;  24.26;  34.76;   418;   710;   461;   121;     1;     0;   -63;   -63;   9.2; drag-lps8-01; 0; 7; 125000; 997
2022-09-21 12:22:18; hka-aqm-n112;  24.30;  34.72;   417;   692;   330;    88;     0;     0;   -60;   -60;   9.0; drag-lps8-01; 7; 7; 125000; 998
2022-09-21 12:22:37; hka-aqm-n112;  24.24;  34.72;   418;   692;   188;    51;     0;     0;   -59;   -59;   8.5; drag-lps8-01; 6; 7; 125000; 999
2022-09-21 12:23:17; hka-aqm-n112;  24.28;  34.72;   421;   690;   119;    32;     0;     0;   -61;   -61;   9.8; drag-lps8-01; 4; 7; 125000; 1000
2022-09-21 12:25:57; hka-aqm-n112;  24.43;  34.32;   423;   684;   223;    62;     0;     0;   -61;   -61;   9.5; drag-lps8-01; 3; 7; 125000; 1001
2022-09-21 12:26:18; hka-aqm-n112;  24.40;  34.32;   421;   683;   558;   148;     0;     0;   -61;   -61;   9.2; drag-lps8-01; 6; 7; 125000; 1002
2022-09-21 12:26:37; hka-aqm-n112;  24.40;  34.26;   420;   686;   731;   195;     0;     0;   -61;   -61;   8.0; drag-lps8-01; 7; 7; 125000; 1003
2022-09-21 12:26:58; hka-aqm-n112;  24.38;  34.26;   420;   683;  1065;   282;     1;     0;   -61;   -61;   9.0; drag-lps8-01; 1; 7; 125000; 1004
2022-09-21 12:27:18; hka-aqm-n112;  24.39;  34.19;   420;   682;  1266;   335;     1;     0;   -62;   -62;   6.8; drag-lps8-01; 5; 7; 125000; 1006
2022-09-21 12:27:37; hka-aqm-n112;  24.36;  34.19;   420;   688;  1365;   365;     1;     0;   -63;   -63;   9.2; drag-lps8-01; 0; 7; 125000; 1007
2022-09-21 12:28:36; hka-aqm-n112;  24.49;  33.99;   424;   687;  1354;   361;     1;     0;   -61;   -61;   9.0; drag-lps8-01; 7; 7; 125000; 1009
2022-09-21 12:28:56; hka-aqm-n112;  24.55;  33.89;   422;   691;  1443;   386;     0;     0;   -60;   -60;   9.0; drag-lps8-01; 3; 7; 125000; 1010
2022-09-21 12:29:16; hka-aqm-n112;  24.59;  33.82;   421;   693;  1333;   355;     0;     0;   -60;   -60;   7.2; drag-lps8-01; 2; 7; 125000; 1011
2022-09-21 12:29:36; hka-aqm-n112;  24.61;  33.72;   419;   692;  1414;   379;     0;     0;   -61;   -61;   9.8; drag-lps8-01; 6; 7; 125000; 1012
2022-09-21 12:31:37; hka-aqm-n112;  24.46;  33.76;   419;   690;  1455;   390;     0;     0;   -59;   -59;   8.2; drag-lps8-01; 1; 7; 125000; 1014
2022-09-21 12:32:37; hka-aqm-n112;  24.40;  33.82;   417;   694;  1490;   400;     0;     0;   -60;   -60;   7.0; drag-lps8-01; 5; 7; 125000; 1015
2022-09-21 12:32:57; hka-aqm-n112;  24.39;  33.82;   417;   707;  1379;   367;     0;     0;   -61;   -61;   9.2; drag-lps8-01; 4; 7; 125000; 1016
2022-09-21 12:33:17; hka-aqm-n112;  24.37;  33.79;   417;   699;  1488;   400;     0;     0;   -60;   -60;   6.8; drag-lps8-01; 2; 7; 125000; 1017
2022-09-21 12:33:38; hka-aqm-n112;  24.49;  33.82;   417;   691;  1415;   378;     1;     0;   -60;   -60;   6.8; drag-lps8-01; 5; 7; 125000; 1018
2022-09-21 12:35:18; hka-aqm-n112;  24.64;  33.59;   419;   687;  1394;   373;     1;     0;   -61;   -61;  10.2; drag-lps8-01; 7; 7; 125000; 1019
2022-09-21 12:35:38; hka-aqm-n112;  24.59;  33.52;   418;   687;  1475;   397;     0;     0;   -59;   -59;   8.5; drag-lps8-01; 1; 7; 125000; 1020
2022-09-21 12:36:37; hka-aqm-n112;  24.71;  33.42;   419;   691;  1541;   418;     1;     0;   -59;   -59;   8.0; drag-lps8-01; 6; 7; 125000; 1021
2022-09-21 12:36:57; hka-aqm-n112;  24.73;  33.39;   418;   690;  1420;   381;     0;     0;   -61;   -61;   9.5; drag-lps8-01; 3; 7; 125000; 1022
2022-09-21 12:37:17; hka-aqm-n112;  24.82;  33.32;   417;   690;  1495;   403;     0;     0;   -63;   -63;   8.8; drag-lps8-01; 0; 7; 125000; 1023
2022-09-21 12:37:57; hka-aqm-n112;  24.78;  33.25;   417;   689;  1428;   382;     0;     0;   -61;   -61;  10.2; drag-lps8-01; 3; 7; 125000; 1024
2022-09-21 12:38:17; hka-aqm-n112;  24.80;  33.19;   418;   690;  1566;   422;     0;     0;   -58;   -58;   7.5; drag-lps8-01; 2; 7; 125000; 1025
2022-09-21 12:39:38; hka-aqm-n112;  24.84;  33.09;   418;   670;  1442;   387;     0;     0;   -61;   -61;   8.8; drag-lps8-01; 7; 7; 125000; 1026
2022-09-21 12:39:58; hka-aqm-n112;  24.90;  33.05;   417;   685;  1574;   426;     0;     0;   -61;   -61;   9.8; drag-lps8-01; 1; 7; 125000; 1027
2022-09-21 12:40:18; hka-aqm-n112;  24.94;  33.05;   417;   726;  1446;   389;     1;     0;   -60;   -60;   8.8; drag-lps8-01; 4; 7; 125000; 1028
2022-09-21 12:40:38; hka-aqm-n112;  24.88;  33.05;   417;   717;  1508;   407;     1;     0;   -60;   -60;   6.8; drag-lps8-01; 5; 7; 125000; 1029
2022-09-21 12:41:18; hka-aqm-n112;  24.94;  32.99;   421;   706;  1349;   364;     0;     0;   -63;   -63;   9.5; drag-lps8-01; 0; 7; 125000; 1031
2022-09-21 12:41:36; hka-aqm-n112;  24.96;  32.92;   419;   702;  1545;   419;     0;     0;   -61;   -61;   9.2; drag-lps8-01; 6; 7; 125000; 1033
2022-09-21 12:41:56; hka-aqm-n112;  24.97;  32.92;   418;   701;  1452;   391;     0;     0;   -60;   -60;   8.5; drag-lps8-01; 0; 7; 125000; 1034
2022-09-21 12:42:17; hka-aqm-n112;  25.00;  32.92;   416;   700;  1505;   405;     0;     0;   -61;   -61;   8.8; drag-lps8-01; 1; 7; 125000; 1035
2022-09-21 12:42:36; hka-aqm-n112;  25.00;  32.95;   415;   700;  1556;   420;     0;     0;   -60;   -60;   7.2; drag-lps8-01; 2; 7; 125000; 1036
2022-09-21 12:43:16; hka-aqm-n112;  25.00;  32.92;   418;   696;  1449;   389;     0;     0;   -61;   -61;   8.5; drag-lps8-01; 3; 7; 125000; 1037
2022-09-21 12:44:16; hka-aqm-n112;  25.02;  32.78;   414;   735;  1559;   423;     0;     0;   -60;   -60;   9.5; drag-lps8-01; 4; 7; 125000; 1038
2022-09-21 12:44:37; hka-aqm-n112;  25.07;  32.75;   414;   724;  1450;   390;     0;     0;   -61;   -61;   9.0; drag-lps8-01; 7; 7; 125000; 1039
2022-09-21 12:44:57; hka-aqm-n112;  25.08;  32.78;   414;   711;  1598;   433;     0;     0;   -61;   -61;   8.8; drag-lps8-01; 3; 7; 125000; 1040
2022-09-21 12:45:35; hka-aqm-n112;  25.06;  32.75;   418;   703;    91;    22;     0;     0;   -59;   -59;   7.2; drag-lps8-01; 2; 7; 125000; 1041
2022-09-21 12:47:37; hka-aqm-n112;  24.84;  32.99;   421;   715;   612;   159;     1;     0;   -60;   -60;   9.5; drag-lps8-01; 4; 7; 125000; 1042
2022-09-21 12:47:56; hka-aqm-n112;  24.85;  32.92;   419;   709;   765;   201;     0;     0;   -63;   -63;   9.5; drag-lps8-01; 7; 7; 125000; 1043
2022-09-21 12:48:16; hka-aqm-n112;  24.87;  32.92;   418;   704;  1369;   370;     0;     0;   -60;   -60;   9.8; drag-lps8-01; 6; 7; 125000; 1044
2022-09-21 12:49:16; hka-aqm-n112;  24.95;  32.82;   421;   701;  1573;   422;     0;     0;   -60;   -60;   8.2; drag-lps8-01; 0; 7; 125000; 1045
2022-09-21 12:49:36; hka-aqm-n112;  24.95;  32.78;   419;   696;  1434;   383;     0;     0;   -59;   -59;   7.0; drag-lps8-01; 5; 7; 125000; 1046
2022-09-21 12:49:56; hka-aqm-n112;  24.96;  32.78;   418;   693;  1197;   320;     0;     0;   -61;   -61;  10.2; drag-lps8-01; 1; 7; 125000; 1047
2022-09-21 12:50:17; hka-aqm-n112;  25.00;  32.78;   417;   688;   846;   228;     0;     0;   -61;   -61;   9.5; drag-lps8-01; 7; 7; 125000; 1048
2022-09-21 12:50:36; hka-aqm-n112;  24.92;  32.78;   417;   690;   631;   172;     0;     0;   -60;   -60;   7.0; drag-lps8-01; 2; 7; 125000; 1049
2022-09-21 12:50:58; hka-aqm-n112;  25.00;  32.78;   417;   700;   262;    72;     0;     0;   -61;   -61;   8.8; drag-lps8-01; 0; 7; 125000; 1050
2022-09-21 12:51:35; hka-aqm-n112;  24.97;  32.85;   421;   741;   117;    32;     1;     0;   -59;   -59;   8.5; drag-lps8-01; 6; 7; 125000; 1051
2022-09-21 12:52:56; hka-aqm-n112;  25.00;  32.85;   420;   706;   196;    55;     1;     0;   -60;   -60;   8.5; drag-lps8-01; 3; 7; 125000; 1052
2022-09-21 12:53:16; hka-aqm-n112;  25.05;  32.82;   419;   701;  1299;   362;     0;     0;   -59;   -59;   7.0; drag-lps8-01; 5; 7; 125000; 1054
2022-09-21 12:53:36; hka-aqm-n112;  25.06;  32.85;   418;   700;  3548;   971;     0;     0;   -61;   -61;   9.8; drag-lps8-01; 1; 7; 125000; 1055
2022-09-21 12:54:35; hka-aqm-n112;  25.04;  32.78;   426;   707;  8074;  2167;     0;     0;   -61;   -61;   9.5; drag-lps8-01; 0; 7; 125000; 1057
2022-09-21 12:54:55; hka-aqm-n112;  25.10;  32.78;   424;   711;  5322;  1407;     0;     0;   -60;   -60;   8.5; drag-lps8-01; 6; 7; 125000; 1058
2022-09-21 12:55:15; hka-aqm-n112;  25.00;  32.82;   422;   750;    54;    12;     0;     0;   -60;   -60;   7.0; drag-lps8-01; 5; 7; 125000; 1059
2022-09-21 13:10:22; hka-aqm-n112;  24.78;  33.02;   419;   690;    49;    11;     1;     0;   -59;   -59;   6.8; drag-lps8-01; 2; 7; 125000; 1060
2022-09-21 13:11:57; hka-aqm-n112;  24.68;  33.12;   422;   678;    25;     5;     1;     0;   -61;   -61;   9.8; drag-lps8-01; 3; 7; 125000; 1061
2022-09-21 13:27:04; hka-aqm-n112;  24.52;  33.45;   422;   683;    92;    25;     1;     0;   -63;   -63;   9.5; drag-lps8-01; 7; 7; 125000; 1062
2022-09-21 13:34:37; hka-aqm-n112;  24.49;  33.49;   419;   693;   577;   154;     1;     0;   -61;   -61;   9.2; drag-lps8-01; 1; 7; 125000; 1063
2022-09-21 13:34:57; hka-aqm-n112;  24.48;  33.49;   418;   682;   754;   200;     0;     0;   -60;   -60;   7.8; drag-lps8-01; 2; 7; 125000; 1064
2022-09-21 13:35:37; hka-aqm-n112;  24.54;  33.32;   421;   675;  1146;   300;     0;     0;   -58;   -58;   7.0; drag-lps8-01; 5; 7; 125000; 1065
2022-09-21 13:35:57; hka-aqm-n112;  24.48;  33.29;   419;   677;  1210;   320;     0;     0;   -61;   -61;   9.2; drag-lps8-01; 0; 7; 125000; 1066
2022-09-21 13:36:36; hka-aqm-n112;  24.50;  33.32;   422;   673;  1150;   303;     1;     0;   -60;   -60;   9.0; drag-lps8-01; 6; 7; 125000; 1067
2022-09-21 13:36:57; hka-aqm-n112;  24.52;  33.39;   420;   647;  1245;   329;     1;     0;   -61;   -61;   9.5; drag-lps8-01; 1; 7; 125000; 1068
2022-09-21 13:37:17; hka-aqm-n112;  24.53;  33.39;   419;   663;  1179;   308;     0;     0;   -60;   -60;   8.2; drag-lps8-01; 4; 7; 125000; 1069
2022-09-21 13:38:18; hka-aqm-n112;  24.49;  33.39;   417;   673;  1150;   302;     0;     0;   -60;   -60;   9.0; drag-lps8-01; 3; 7; 125000; 1070
2022-09-21 13:38:37; hka-aqm-n112;  24.50;  33.42;   417;   679;  1228;   324;     1;     0;   -60;   -60;   8.2; drag-lps8-01; 7; 7; 125000; 1071
2022-09-21 13:41:16; hka-aqm-n112;  24.54;  33.39;   419;   678;  1227;   321;     1;     0;   -61;   -61;   9.2; drag-lps8-01; 1; 7; 125000; 1072
2022-09-21 13:41:36; hka-aqm-n112;  24.54;  33.39;   418;   671;  1157;   302;     0;     0;   -59;   -59;   7.5; drag-lps8-01; 5; 7; 125000; 1073
2022-09-21 13:46:16; hka-aqm-n112;  24.65;  33.12;   417;   648;   765;   198;     0;     0;   -60;   -60;   6.8; drag-lps8-01; 2; 7; 125000; 1074
2022-09-21 13:46:38; hka-aqm-n112;  24.63;  33.05;   417;   645;  1169;   303;     0;     0;   -61;   -61;   9.0; drag-lps8-01; 4; 7; 125000; 1075
2022-09-21 13:51:17; hka-aqm-n112;  24.83;  32.72;   414;   666;   593;   130;     1;     0;   -61;   -61;   9.0; drag-lps8-01; 6; 7; 125000; 1076
2022-09-21 13:52:57; hka-aqm-n112;  24.80;  32.65;   415;   644;   559;    87;     1;     0;   -63;   -63;   9.5; drag-lps8-01; 3; 7; 125000; 1078
2022-09-21 13:53:36; hka-aqm-n112;  24.79;  32.58;   418;   639;  9518;  2409;     0;     0;   -60;   -60;   7.0; drag-lps8-01; 5; 7; 125000; 1080
2022-09-21 13:53:57; hka-aqm-n112;  24.76;  32.62;   416;   588; 10793;  2763;     0;     0;   -60;   -60;   9.5; drag-lps8-01; 6; 7; 125000; 1081
2022-09-21 13:54:17; hka-aqm-n112;  24.81;  32.58;   415;   594; 10449;  2679;     0;     0;   -60;   -60;   6.8; drag-lps8-01; 2; 7; 125000; 1082
2022-09-21 13:54:55; hka-aqm-n112;  24.74;  32.55;   418;   608;  9827;  2511;     0;     0;   -59;   -59;   8.8; drag-lps8-01; 3; 7; 125000; 1083
2022-09-21 13:55:15; hka-aqm-n112;  24.83;  32.55;   416;   607;  9097;  2329;     0;     0;   -60;   -60;   8.8; drag-lps8-01; 4; 7; 125000; 1084
2022-09-21 13:55:57; hka-aqm-n112;  24.82;  32.38;   419;   606; 10180;  2593;     0;     0;   -60;   -60;   8.2; drag-lps8-01; 1; 7; 125000; 1085
2022-09-21 13:56:16; hka-aqm-n112;  24.76;  32.38;   417;   609;  9829;  2498;     0;     0;   -61;   -61;   9.0; drag-lps8-01; 0; 7; 125000; 1086
2022-09-21 13:56:36; hka-aqm-n112;  24.83;  32.52;   417;   611; 10053;  2553;     0;     0;   -61;   -61;   9.0; drag-lps8-01; 7; 7; 125000; 1087
2022-09-21 13:56:56; hka-aqm-n112;  24.86;  32.52;   417;   609;  9725;  2467;     0;     0;   -58;   -58;   8.0; drag-lps8-01; 2; 7; 125000; 1088
2022-09-21 13:57:17; hka-aqm-n112;  24.82;  32.55;   417;   607;  8994;  2279;     0;     0;   -61;   -61;   9.8; drag-lps8-01; 6; 7; 125000; 1089
2022-09-21 13:57:55; hka-aqm-n112;  24.88;  32.52;   421;   602;  8243;  2095;     0;     0;   -60;   -60;  10.0; drag-lps8-01; 4; 7; 125000; 1090
2022-09-21 13:58:15; hka-aqm-n112;  24.90;  32.48;   419;   609;  7056;  1786;     1;     0;   -61;   -61;   9.0; drag-lps8-01; 7; 7; 125000; 1091
2022-09-21 13:58:35; hka-aqm-n112;  24.91;  32.45;   418;   614;  6593;  1666;     1;     0;   -63;   -63;  10.2; drag-lps8-01; 3; 7; 125000; 1092
2022-09-21 13:59:16; hka-aqm-n112;  25.18;  32.05;   422;   617;  7154;  1807;     0;     0;  -127;  -127;  -7.2; drag-outd-01; 1; 7; 125000; 1093
2022-09-21 14:00:18; hka-aqm-n112;  25.48;  31.51;   429;   617;  3884;   989;     0;     0;   -60;   -60;   5.8; drag-lps8-01; 5; 7; 125000; 1094
2022-09-21 14:00:57; hka-aqm-n112;  25.62;  31.31;   425;   626;  4424;  1113;     0;     0;   -61;   -61;   9.0; drag-lps8-01; 0; 7; 125000; 1095
2022-09-21 14:01:16; hka-aqm-n112;  25.64;  31.24;   425;   629;  3174;   792;     0;     0;   -60;   -60;   7.0; drag-lps8-01; 5; 7; 125000; 1096
2022-09-21 14:01:38; hka-aqm-n112;  25.71;  31.20;   425;   641;  1927;   486;     0;     0;   -59;   -59;   6.8; drag-lps8-01; 2; 7; 125000; 1097
2022-09-21 14:01:58; hka-aqm-n112;  25.70;  31.17;   425;   703;  1307;   330;     0;     0;   -61;   -61;   8.8; drag-lps8-01; 6; 7; 125000; 1098
2022-09-21 14:02:17; hka-aqm-n112;  25.68;  31.14;   425;   681;   906;   230;     0;     0;  -128;  -128;  -7.5; drag-outd-01; 0; 7; 125000; 1099
2022-09-21 14:02:37; hka-aqm-n112;  25.74;  31.10;   425;   671;   727;   188;     0;     0;   -63;   -63;   9.5; drag-lps8-01; 1; 7; 125000; 1101
2022-09-21 14:03:55; hka-aqm-n112;  25.68;  31.00;   430;   660;   868;   221;     0;     0;   -63;   -63;   8.8; drag-lps8-01; 4; 7; 125000; 1103
2022-09-21 14:04:36; hka-aqm-n112;  25.71;  31.04;   429;   654;   390;   103;     0;     0;   -63;   -63;   7.8; drag-lps8-01; 5; 7; 125000; 1104
2022-09-21 14:04:56; hka-aqm-n112;  25.71;  30.90;   429;   651;   521;   134;     0;     0;   -63;   -63;   8.5; drag-lps8-01; 4; 7; 125000; 1105
2022-09-21 14:05:17; hka-aqm-n112;  25.68;  30.97;   429;   627;   611;   156;     0;     0;  -127;  -127;  -7.2; drag-outd-01; 0; 7; 125000; 1106
2022-09-21 14:05:37; hka-aqm-n112;  25.70;  30.97;   429;   700;   790;   200;     0;     0;   -63;   -63;   8.8; drag-lps8-01; 7; 7; 125000; 1107
2022-09-21 14:05:57; hka-aqm-n112;  25.71;  31.04;   429;   687;   853;   215;     0;     0;  -125;  -125;  -7.8; drag-outd-01; 2; 7; 125000; 1108
2022-09-21 14:06:17; hka-aqm-n112;  25.70;  31.04;   429;   669;   939;   235;     0;     0;   -63;   -63;   8.8; drag-lps8-01; 1; 7; 125000; 1109
2022-09-21 14:06:38; hka-aqm-n112;  25.64;  31.04;   429;   661;   845;   212;     1;     0;   -65;   -65;   9.2; drag-lps8-01; 6; 7; 125000; 1110
2022-09-21 14:06:56; hka-aqm-n112;  25.66;  31.04;   429;   661;   513;   130;     1;     0;   -69;   -69;   9.5; drag-lps8-01; 3; 7; 125000; 1111
2022-09-21 14:07:36; hka-aqm-n112;  25.68;  31.04;   430;   666;   384;    99;     1;     0;   -66;   -66;   6.8; drag-lps8-01; 2; 7; 125000; 1112
2022-09-21 14:07:56; hka-aqm-n112;  25.69;  31.07;   430;   671;   457;   116;     0;     0;   -67;   -67;   8.2; drag-lps8-01; 1; 7; 125000; 1113
2022-09-21 14:08:17; hka-aqm-n112;  25.70;  31.10;   430;   678;   721;   180;     0;     0;   -63;   -63;   9.5; drag-lps8-01; 0; 7; 125000; 1114
2022-09-21 14:08:37; hka-aqm-n112;  25.67;  31.07;   430;   651;   331;    88;     0;     0;   -63;   -63;   8.8; drag-lps8-01; 3; 7; 125000; 1115
2022-09-21 14:09:15; hka-aqm-n112;  25.64;  31.10;   434;   663;   395;   102;     0;     0;   -60;   -60;   6.5; drag-lps8-01; 5; 7; 125000; 1116
2022-09-21 14:09:37; hka-aqm-n112;  25.57;  31.10;   433;   667;  2738;   696;     0;     0;   -61;   -61;   9.8; drag-lps8-01; 6; 7; 125000; 1117
2022-09-21 14:09:56; hka-aqm-n112;  25.57;  31.17;   432;   659;  3662;   923;     0;     0;   -61;   -61;   9.2; drag-lps8-01; 4; 7; 125000; 1118
2022-09-21 14:10:16; hka-aqm-n112;  25.52;  31.14;   432;   653;  2925;   738;     0;     0;   -63;   -63;  10.0; drag-lps8-01; 7; 7; 125000; 1119
2022-09-21 14:10:36; hka-aqm-n112;  25.60;  31.04;   432;   656;  7480;  1858;     0;     0;   -64;   -64;   9.0; drag-lps8-01; 0; 7; 125000; 1120
2022-09-21 14:11:17; hka-aqm-n112;  25.59;  30.77;   437;   660;  7963;  1974;     0;     0;   -67;   -67;   7.8; drag-lps8-01; 5; 7; 125000; 1121
2022-09-21 14:11:36; hka-aqm-n112;  25.66;  30.70;   435;   661; 10175;  2526;     0;     0;   -67;   -67;   8.5; drag-lps8-01; 6; 7; 125000; 1122
2022-09-21 14:11:58; hka-aqm-n112;  25.84;  30.63;   434;   656;  9622;  2388;     0;     0;   -65;   -65;   7.0; drag-lps8-01; 2; 7; 125000; 1124
2022-09-21 14:12:55; hka-aqm-n112;  26.02;  30.23;   441;   640;  8734;  2168;     0;     0;   -64;   -64;   8.8; drag-lps8-01; 4; 7; 125000; 1125
2022-09-21 14:13:16; hka-aqm-n112;  26.20;  29.75;   437;   666;  7093;  1745;     0;     0;   -61;   -61;   8.2; drag-lps8-01; 7; 7; 125000; 1127
2022-09-21 14:13:57; hka-aqm-n112;  26.35;  29.69;   438;   666;  4488;  1105;     0;     0;  -122;  -122;  -5.5; drag-outd-01; 2; 7; 125000; 1128
2022-09-21 14:14:18; hka-aqm-n112;  26.40;  29.62;   435;   670;  4019;   986;     0;     0;   -63;   -63;   9.5; drag-lps8-01; 4; 7; 125000; 1129
2022-09-21 14:14:38; hka-aqm-n112;  26.55;  29.48;   432;   673;  2805;   685;     0;     0;   -61;   -61;   8.2; drag-lps8-01; 3; 7; 125000; 1130
2022-09-21 14:14:56; hka-aqm-n112;  26.54;  29.42;   431;   678;  1406;   347;     0;     0;   -60;   -60;   6.5; drag-lps8-01; 5; 7; 125000; 1131
2022-09-21 14:15:17; hka-aqm-n112;  26.57;  29.28;   430;   680;   569;   141;     0;     0;   -61;   -61;   9.5; drag-lps8-01; 1; 7; 125000; 1132
2022-09-21 14:15:36; hka-aqm-n112;  26.66;  29.21;   429;   682;   302;    79;     0;     0;   -64;   -64;  10.0; drag-lps8-01; 7; 7; 125000; 1133
2022-09-21 14:30:43; hka-aqm-n112;  26.42;  29.14;   449;   730;   246;    63;     1;     0;   -64;   -64;   9.5; drag-lps8-01; 0; 7; 125000; 1134
2022-09-21 14:34:37; hka-aqm-n112;  26.13;  29.48;   448;   732;   147;    33;     1;     0;  -126;  -126;  -7.5; drag-outd-01; 6; 7; 125000; 1135
2022-09-21 14:35:37; hka-aqm-n112;  26.08;  29.38;   447;   720;   282;    73;     0;     0;   -62;   -62;   8.2; drag-lps8-01; 3; 7; 125000; 1136
2022-09-21 14:44:37; hka-aqm-n112;  25.66;  30.09;   450;   695;   541;   147;     1;     0;   -63;   -63;   8.8; drag-lps8-01; 6; 7; 125000; 1137
2022-09-21 14:45:15; hka-aqm-n112;  25.69;  30.16;   454;   692;   599;   168;     0;     0;   -57;   -57;   7.0; drag-lps8-01; 2; 7; 125000; 1138
2022-09-21 14:46:18; hka-aqm-n112;  25.61;  30.40;   455;   684;    72;    13;     1;     0;   -61;   -61;   9.0; drag-lps8-01; 7; 7; 125000; 1139
2022-09-21 14:46:37; hka-aqm-n112;  25.56;  30.33;   453;   694;   591;   169;     0;     0;  -128;  -128;  -7.8; drag-outd-01; 0; 7; 125000; 1140
2022-09-21 14:46:56; hka-aqm-n112;  25.56;  30.33;   452;   692;   540;   149;     0;     0;   -60;   -60;   8.8; drag-lps8-01; 4; 7; 125000; 1141
2022-09-21 14:47:17; hka-aqm-n112;  25.60;  30.36;   450;   687;   447;   120;     0;     0;  -123;  -123;  -6.0; drag-outd-01; 1; 7; 125000; 1142
2022-09-21 15:02:23; hka-aqm-n112;  25.34;  30.56;   438;   654;   194;    51;     2;     1;   -59;   -59;   7.0; drag-lps8-01; 5; 7; 125000; 1143
2022-09-21 15:16:37; hka-aqm-n112;  25.20;  30.70;   442;   648;   317;    40;     2;     1;   -63;   -63;   9.5; drag-lps8-01; 3; 7; 125000; 1144
2022-09-21 15:17:57; hka-aqm-n112;  25.11;  30.77;   440;   641;   499;    81;     0;     0;   -70;   -70;  10.2; drag-lps8-01; 1; 7; 125000; 1145
2022-09-21 15:32:15; hka-aqm-n112;  25.41;  30.77;   445;   691;   207;    51;     1;     1;   -61;   -61;   8.5; drag-lps8-01; 4; 7; 125000; 1146
2022-09-21 15:34:17; hka-aqm-n112;  25.34;  30.77;   440;   659;    98;    22;     0;     1;   -64;   -64;   9.8; drag-lps8-01; 7; 7; 125000; 1148
2022-09-21 15:34:57; hka-aqm-n112;  25.32;  30.77;   435;   655;   153;    41;     0;     0;   -61;   -61;   7.8; drag-lps8-01; 5; 7; 125000; 1150
2022-09-21 15:50:03; hka-aqm-n112;  25.13;  31.24;   419;   627;   177;    51;     1;     2;   -65;   -65;   8.8; drag-lps8-01; 0; 7; 125000; 1151
2022-09-21 15:56:38; hka-aqm-n112;  25.13;  31.31;   433;   638;    82;    20;     1;     2;   -61;   -61;   9.0; drag-lps8-01; 1; 7; 125000; 1152
2022-09-21 15:56:57; hka-aqm-n112;  25.11;  31.31;   432;   651;   137;    41;     0;     1;   -63;   -63;   9.2; drag-lps8-01; 4; 7; 125000; 1153
2022-09-21 15:57:16; hka-aqm-n112;  25.16;  31.37;   432;   653;    73;    16;     0;     0;  -126;  -126;  -6.5; drag-outd-01; 0; 7; 125000; 1154
2022-09-21 15:58:57; hka-aqm-n112;  25.09;  31.44;   435;   670;   123;    35;     0;     0;   -63;   -63;   9.2; drag-lps8-01; 6; 7; 125000; 1155
2022-09-21 16:14:03; hka-aqm-n112;  24.98;  31.31;   432;   676;    77;    21;     1;     1;   -60;   -60;   8.5; drag-lps8-01; 3; 7; 125000; 1156
2022-09-21 16:14:16; hka-aqm-n112;  24.98;  31.31;   432;   665;   283;    52;     1;     1;   -60;   -60;   9.2; drag-lps8-01; 7; 7; 125000; 1157
2022-09-21 16:15:17; hka-aqm-n112;  24.98;  31.31;   436;   654;   387;    59;     1;     1;  -127;  -127;  -8.0; drag-outd-01; 2; 7; 125000; 1158
2022-09-21 16:25:57; hka-aqm-n112;  24.96;  31.37;   432;   632;    51;    12;     1;     1;   -63;   -63;   6.8; drag-lps8-01; 5; 7; 125000; 1159
2022-09-21 16:41:03; hka-aqm-n112;  24.94;  31.41;   418;   627;    33;     5;     1;     0;   -62;   -62;   8.8; drag-lps8-01; 7; 7; 125000; 1160
2022-09-21 16:56:09; hka-aqm-n112;  24.78;  31.27;   411;   604;    52;    13;     1;     0;   -63;   -63;   9.5; drag-lps8-01; 4; 7; 125000; 1161
2022-09-21 17:11:18; hka-aqm-n112;  24.72;  31.17;   415;   577;    42;     8;     1;     0;  -126;  -126;  -6.8; drag-outd-01; 2; 7; 125000; 1162
2022-09-21 17:26:24; hka-aqm-n112;  24.69;  30.83;   422;   588;    43;    11;     1;     0;   -64;   -64;  10.0; drag-lps8-01; 0; 7; 125000; 1163
2022-09-21 17:41:30; hka-aqm-n112;  24.62;  30.63;   414;   594;    36;     8;     1;     0;   -63;   -63;   7.0; drag-lps8-01; 5; 7; 125000; 1164
2022-09-21 17:56:37; hka-aqm-n112;  24.56;  30.56;   423;   604;    28;     6;     1;     0;   -63;   -63;   9.2; drag-lps8-01; 1; 7; 125000; 1165
2022-09-21 18:11:44; hka-aqm-n112;  24.46;  31.17;   414;   576;    30;     8;     1;     0;   -61;   -61;   9.2; drag-lps8-01; 3; 7; 125000; 1166
2022-09-21 18:26:50; hka-aqm-n112;  24.45;  31.31;   418;   606;    20;     3;     1;     0;   -63;   -63;  10.2; drag-lps8-01; 6; 7; 125000; 1167
2022-09-21 18:41:57; hka-aqm-n112;  24.39;  31.58;   422;   642;    17;     2;     2;     0;  -124;  -124;  -5.5; drag-outd-01; 2; 7; 125000; 1168
2022-09-21 18:57:04; hka-aqm-n112;  24.35;  32.31;   423;   625;    14;     2;     2;     0;  -127;  -127;  -7.0; drag-outd-01; 7; 7; 125000; 1169
2022-09-21 19:12:17; hka-aqm-n112;  24.30;  32.42;   426;   618;    11;     1;     2;     0;  -126;  -126;  -6.5; drag-outd-01; 0; 7; 125000; 1171
2022-09-21 19:27:30; hka-aqm-n112;  24.24;  32.85;   421;   630;     8;     1;     2;     0;   -61;   -61;   8.5; drag-lps8-01; 3; 7; 125000; 1173
2022-09-21 19:42:36; hka-aqm-n112;  24.22;  33.12;   428;   613;     7;     0;     2;     0;   -63;   -63;   9.0; drag-lps8-01; 6; 7; 125000; 1174
2022-09-21 19:57:43; hka-aqm-n112;  24.18;  33.19;   424;   594;     7;     0;     2;     0;   -61;   -61;   8.0; drag-lps8-01; 4; 7; 125000; 1175
2022-09-21 20:12:49; hka-aqm-n112;  24.15;  33.25;   420;   587;     7;     0;     2;     0;   -64;   -64;   9.0; drag-lps8-01; 0; 7; 125000; 1176
2022-09-21 20:27:57; hka-aqm-n112;  24.14;  33.52;   424;   603;     7;     1;     2;     0;   -63;   -63;  10.0; drag-lps8-01; 3; 7; 125000; 1177
2022-09-21 20:43:03; hka-aqm-n112;  24.09;  33.72;   432;   624;     7;     0;     2;     0;   -63;   -63;   9.8; drag-lps8-01; 1; 7; 125000; 1178
2022-09-21 20:58:16; hka-aqm-n112;  24.08;  33.82;   427;   605;     7;     0;     2;     0;   -63;   -63;   9.0; drag-lps8-01; 7; 7; 125000; 1180
2022-09-21 21:13:22; hka-aqm-n112;  24.07;  34.02;   434;   604;    10;     3;     2;     0;   -63;   -63;   8.8; drag-lps8-01; 6; 7; 125000; 1181
2022-09-21 21:28:28; hka-aqm-n112;  24.03;  34.16;   432;   606;     7;     0;     2;     0;   -63;   -63;  10.0; drag-lps8-01; 4; 7; 125000; 1182
2022-09-21 21:43:36; hka-aqm-n112;  24.00;  34.26;   435;   628;    10;     3;     2;     0;   -60;   -60;   6.8; drag-lps8-01; 5; 7; 125000; 1183
2022-09-21 21:58:43; hka-aqm-n112;  24.00;  34.19;   438;   613;     7;     0;     2;     0;   -63;   -63;   9.5; drag-lps8-01; 6; 7; 125000; 1184
2022-09-21 22:13:49; hka-aqm-n112;  24.03;  34.19;   438;   647;     7;     0;     2;     0;   -63;   -63;   8.8; drag-lps8-01; 3; 7; 125000; 1185
2022-09-21 22:28:57; hka-aqm-n112;  24.04;  34.19;   443;   640;     7;     0;     2;     0;   -63;   -63;   9.2; drag-lps8-01; 1; 7; 125000; 1186
2022-09-21 22:44:03; hka-aqm-n112;  24.04;  34.02;   441;   594;    10;     3;     2;     0;   -61;   -61;   6.8; drag-lps8-01; 2; 7; 125000; 1187
2022-09-21 22:59:10; hka-aqm-n112;  24.00;  33.79;   446;   628;     9;     2;     2;     0;   -63;   -63;   9.0; drag-lps8-01; 7; 7; 125000; 1188
2022-09-21 23:14:17; hka-aqm-n112;  24.01;  33.55;   450;   627;     7;     1;     2;     0;   -63;   -63;   7.0; drag-lps8-01; 5; 7; 125000; 1189
2022-09-21 23:29:23; hka-aqm-n112;  24.00;  33.35;   447;   614;     7;     0;     2;     0;   -64;   -64;   9.5; drag-lps8-01; 0; 7; 125000; 1190
2022-09-21 23:44:29; hka-aqm-n112;  24.00;  33.12;   458;   611;    10;     3;     2;     0;   -61;   -61;   8.8; drag-lps8-01; 4; 7; 125000; 1191
2022-09-21 23:59:37; hka-aqm-n112;  23.97;  33.05;   457;   596;     7;     0;     2;     0;   -61;   -61;   7.2; drag-lps8-01; 2; 7; 125000; 1192
