# Logfile LoRaWAN TTN/TTS V3 logger version hka-log V 1.1
date_time;device_id;tmp;hum;CO2;VOC;vis;IR;WIFI;BLE;rssi;channel_rssi;snr;gateway;channel_index;spreading_factor;bandwidth;f_cnt
2022-10-03 00:01:24; hka-aqm-n202;  24.92;  44.29;   481;   639;     5;     0;     1;     0;   -71;   -71;   9.5; drag-lps8-01; 0; 7; 125000; 957
2022-10-03 00:16:33; hka-aqm-n202;  24.90;  44.52;   475;   620;     5;     0;     0;     0;   -71;   -71;   7.2; drag-lps8-01; 2; 7; 125000; 958
2022-10-03 00:31:46; hka-aqm-n202;  24.92;  44.42;   469;   633;     5;     0;     1;     0;   -70;   -70;   6.8; drag-lps8-01; 5; 7; 125000; 960
2022-10-03 00:46:52; hka-aqm-n202;  24.91;  44.42;   459;   632;     6;     1;     2;     0;   -71;   -71;   8.2; drag-lps8-01; 7; 7; 125000; 961
2022-10-03 01:02:05; hka-aqm-n202;  24.92;  44.33;   464;   631;     5;     0;     0;     0;   -67;   -67;   8.2; drag-lps8-01; 1; 7; 125000; 963
2022-10-03 01:17:12; hka-aqm-n202;  24.95;  44.07;   456;   610;     6;     1;     2;     0;   -71;   -71;   9.5; drag-lps8-01; 7; 7; 125000; 964
2022-10-03 01:32:18; hka-aqm-n202;  24.94;  43.74;   466;   602;     5;     0;     2;     0;   -72;   -72;   8.8; drag-lps8-01; 3; 7; 125000; 965
2022-10-03 01:47:24; hka-aqm-n202;  24.89;  43.61;   466;   568;     5;     0;     0;     0;   -69;   -69;   8.0; drag-lps8-01; 4; 7; 125000; 966
2022-10-03 02:02:33; hka-aqm-n202;  24.88;  43.29;   456;   548;     5;     0;     2;     0;   -67;   -67;   7.2; drag-lps8-01; 2; 7; 125000; 967
2022-10-03 02:17:39; hka-aqm-n202;  24.89;  42.90;   456;   558;     5;     0;     1;     0;   -69;   -69;   8.0; drag-lps8-01; 0; 7; 125000; 968
2022-10-03 02:32:45; hka-aqm-n202;  24.85;  42.57;   456;   536;     5;     0;     0;     0;   -71;   -71;   7.5; drag-lps8-01; 6; 7; 125000; 969
2022-10-03 02:47:52; hka-aqm-n202;  24.88;  41.95;   460;   551;     5;     0;     2;     0;   -70;   -70;   7.2; drag-lps8-01; 5; 7; 125000; 970
2022-10-03 03:02:58; hka-aqm-n202;  24.91;  41.53;   466;   555;     5;     0;     0;     0;   -69;   -69;   8.8; drag-lps8-01; 6; 7; 125000; 971
2022-10-03 03:18:05; hka-aqm-n202;  24.90;  41.53;   469;   563;     5;     0;     0;     0;   -71;   -71;   9.2; drag-lps8-01; 3; 7; 125000; 972
2022-10-03 03:33:13; hka-aqm-n202;  24.88;  41.66;   472;   587;     5;     0;     2;     0;   -69;   -69;  10.0; drag-lps8-01; 1; 7; 125000; 973
2022-10-03 03:48:20; hka-aqm-n202;  24.93;  41.79;   479;   568;     6;     1;     1;     0;   -71;   -71;   9.0; drag-lps8-01; 0; 7; 125000; 974
2022-10-03 04:03:26; hka-aqm-n202;  24.92;  41.79;   469;   563;     5;     0;     2;     0;   -71;   -71;   9.8; drag-lps8-01; 4; 7; 125000; 975
2022-10-03 04:18:33; hka-aqm-n202;  24.87;  41.72;   475;   580;     5;     0;     2;     0;   -70;   -70;   8.0; drag-lps8-01; 7; 7; 125000; 976
2022-10-03 04:33:40; hka-aqm-n202;  24.90;  41.20;   475;   576;     5;     0;     2;     0;   -67;   -67;   7.2; drag-lps8-01; 2; 7; 125000; 977
2022-10-03 04:48:46; hka-aqm-n202;  24.90;  40.58;   475;   555;     5;     0;     2;     0;   -69;   -69;   8.2; drag-lps8-01; 0; 7; 125000; 978
2022-10-03 05:03:53; hka-aqm-n202;  24.89;  40.28;   484;   555;     5;     0;     2;     0;   -67;   -67;   8.2; drag-lps8-01; 1; 7; 125000; 979
2022-10-03 05:18:59; hka-aqm-n202;  24.89;  40.15;   482;   568;     6;     1;     2;     0;   -72;   -72;  10.0; drag-lps8-01; 6; 7; 125000; 980
2022-10-03 05:34:05; hka-aqm-n202;  24.86;  40.22;   490;   529;     6;     1;     2;     0;   -71;   -71;   8.5; drag-lps8-01; 7; 7; 125000; 981
2022-10-03 05:49:12; hka-aqm-n202;  24.88;  40.02;   489;   557;     5;     0;     2;     0;   -69;   -69;   7.2; drag-lps8-01; 2; 7; 125000; 982
2022-10-03 06:04:25; hka-aqm-n202;  24.86;  40.08;   499;   549;     5;     0;     2;     0;   -69;   -69;   6.2; drag-lps8-01; 5; 7; 125000; 984
2022-10-03 06:19:32; hka-aqm-n202;  24.86;  40.02;   493;   562;     5;     0;     2;     0;   -69;   -69;   8.2; drag-lps8-01; 4; 7; 125000; 985
2022-10-03 06:34:45; hka-aqm-n202;  24.86;  40.15;   490;   597;     5;     0;     2;     0;   -69;   -69;   8.8; drag-lps8-01; 6; 7; 125000; 987
2022-10-03 06:49:53; hka-aqm-n202;  24.85;  40.22;   495;   563;     5;     0;     2;     0;   -69;   -69;   9.2; drag-lps8-01; 4; 7; 125000; 988
2022-10-03 07:04:59; hka-aqm-n202;  24.87;  40.18;   497;   557;     6;     1;     2;     0;   -67;   -67;   7.0; drag-lps8-01; 2; 7; 125000; 989
2022-10-03 07:20:05; hka-aqm-n202;  24.84;  39.92;   499;   557;     5;     0;     2;     0;   -71;   -71;   9.8; drag-lps8-01; 0; 7; 125000; 990
2022-10-03 07:35:13; hka-aqm-n202;  24.84;  39.56;   494;   556;     6;     0;     2;     0;   -70;   -70;   8.0; drag-lps8-01; 3; 7; 125000; 991
2022-10-03 07:50:20; hka-aqm-n202;  24.78;  39.56;   496;   546;     7;     1;     2;     0;   -69;   -69;   9.2; drag-lps8-01; 1; 7; 125000; 992
2022-10-03 08:05:26; hka-aqm-n202;  24.84;  39.62;   501;   551;    10;     2;     2;     0;   -69;   -69;   8.8; drag-lps8-01; 7; 7; 125000; 993
2022-10-03 08:20:34; hka-aqm-n202;  24.81;  39.69;   503;   561;    13;     2;     0;     0;   -67;   -67;   9.0; drag-lps8-01; 1; 7; 125000; 994
2022-10-03 08:50:47; hka-aqm-n202;  24.73;  40.58;   499;   592;    21;     4;     2;     0;   -67;   -67;   8.0; drag-lps8-01; 6; 7; 125000; 996
2022-10-03 09:05:53; hka-aqm-n202;  24.81;  40.74;   495;   616;    25;     6;     2;     0;   -69;   -69;   8.2; drag-lps8-01; 3; 7; 125000; 997
2022-10-03 09:21:00; hka-aqm-n202;  24.81;  41.07;   502;   587;    14;     3;     2;     0;   -67;   -67;   7.2; drag-lps8-01; 2; 7; 125000; 998
2022-10-03 09:36:06; hka-aqm-n202;  24.83;  41.43;   495;   621;    26;     6;     2;     0;   -69;   -69;   9.0; drag-lps8-01; 4; 7; 125000; 999
2022-10-03 09:51:14; hka-aqm-n202;  24.79;  41.98;   489;   631;    22;     5;     2;     0;   -71;   -71;   9.5; drag-lps8-01; 7; 7; 125000; 1000
2022-10-03 10:06:20; hka-aqm-n202;  24.84;  41.85;   479;   625;    26;     7;     2;     0;   -71;   -71;   8.5; drag-lps8-01; 0; 7; 125000; 1001
2022-10-03 10:21:27; hka-aqm-n202;  24.84;  42.05;   475;   615;    36;     9;     2;     0;   -69;   -69;   7.5; drag-lps8-01; 3; 7; 125000; 1002
2022-10-03 10:36:35; hka-aqm-n202;  24.88;  42.08;   472;   657;    97;    27;     2;     0;   -69;   -69;   6.8; drag-lps8-01; 5; 7; 125000; 1003
2022-10-03 10:49:54; hka-aqm-n202;  24.92;  42.38;   467;   688;   183;    50;     2;     0;   -69;   -69;   8.5; drag-lps8-01; 6; 7; 125000; 1004
2022-10-03 11:05:01; hka-aqm-n202;  24.87;  41.98;   462;   681;    30;     7;     1;     0;   -70;   -70;   9.5; drag-lps8-01; 7; 7; 125000; 1005
2022-10-03 11:20:07; hka-aqm-n202;  24.78;  42.21;   456;   644;    29;     7;     2;     0;   -67;   -67;   7.0; drag-lps8-01; 2; 7; 125000; 1006
2022-10-03 11:35:14; hka-aqm-n202;  24.82;  42.21;   455;   644;    52;    13;     2;     0;   -67;   -67;   8.2; drag-lps8-01; 4; 7; 125000; 1007
2022-10-03 11:46:34; hka-aqm-n202;  24.93;  42.11;   455;   633;   218;    59;     2;     0;   -69;   -69;   8.0; drag-lps8-01; 0; 7; 125000; 1009
2022-10-03 11:50:32; hka-aqm-n202;  24.96;  41.89;   460;   627;   342;    92;     1;     0;   -68;   -68;   8.2; drag-lps8-01; 7; 7; 125000; 1011
2022-10-03 11:51:34; hka-aqm-n202;  24.92;  41.72;   450;   612;   367;    98;     1;     0;   -70;   -70;   8.5; drag-lps8-01; 3; 7; 125000; 1012
2022-10-03 11:52:12; hka-aqm-n202;  24.94;  41.69;   453;   607;   307;    80;     0;     0;   -69;   -69;   9.5; drag-lps8-01; 1; 7; 125000; 1013
2022-10-03 11:53:14; hka-aqm-n202;  24.96;  41.59;   459;   608;   893;   236;     1;     0;   -69;   -69;   9.8; drag-lps8-01; 4; 7; 125000; 1014
2022-10-03 11:53:35; hka-aqm-n202;  24.92;  41.56;   455;   575;  1047;   280;     0;     0;   -66;   -66;   7.5; drag-lps8-01; 0; 7; 125000; 1015
2022-10-03 11:53:54; hka-aqm-n202;  24.90;  41.53;   452;   573;   831;   220;     0;     0;   -66;   -66;   6.5; drag-lps8-01; 2; 7; 125000; 1016
2022-10-03 11:54:14; hka-aqm-n202;  24.92;  41.53;   450;   582;   506;   131;     0;     0;   -69;   -69;   7.5; drag-lps8-01; 5; 7; 125000; 1017
2022-10-03 11:54:34; hka-aqm-n202;  24.91;  41.46;   449;   595;   316;    80;     0;     0;   -71;   -71;   9.5; drag-lps8-01; 0; 7; 125000; 1018
2022-10-03 11:54:54; hka-aqm-n202;  24.92;  41.43;   448;   596;   220;    55;     0;     0;   -69;   -69;   7.0; drag-lps8-01; 5; 7; 125000; 1019
2022-10-03 11:55:53; hka-aqm-n202;  24.94;  41.46;   447;   608;   289;    73;     0;     0;   -69;   -69;  10.0; drag-lps8-01; 6; 7; 125000; 1020
2022-10-03 11:56:14; hka-aqm-n202;  24.92;  41.46;   447;   611;   617;   161;     0;     0;   -69;   -69;   9.2; drag-lps8-01; 4; 7; 125000; 1021
2022-10-03 11:56:33; hka-aqm-n202;  24.92;  41.49;   447;   616;  1291;   351;     0;     0;   -71;   -71;   9.2; drag-lps8-01; 7; 7; 125000; 1022
2022-10-03 11:56:54; hka-aqm-n202;  24.96;  41.56;   447;   606;  1469;   397;     0;     0;   -66;   -66;   6.8; drag-lps8-01; 2; 7; 125000; 1023
2022-10-03 11:58:14; hka-aqm-n202;  24.93;  41.59;   446;   602;  1634;   443;     1;     0;   -70;   -70;   8.2; drag-lps8-01; 3; 7; 125000; 1025
2022-10-03 11:58:34; hka-aqm-n202;  24.98;  41.59;   446;   599;  2074;   567;     0;     0;   -69;   -69;   9.0; drag-lps8-01; 1; 7; 125000; 1026
2022-10-03 11:59:12; hka-aqm-n202;  24.96;  41.59;   450;   598;  2022;   554;     2;     0;   -71;   -71;   8.8; drag-lps8-01; 7; 7; 125000; 1027
2022-10-03 11:59:52; hka-aqm-n202;  24.95;  41.59;   453;   598;  2150;   586;     2;     0;   -71;   -71;   9.2; drag-lps8-01; 3; 7; 125000; 1028
2022-10-03 12:00:53; hka-aqm-n202;  25.02;  41.56;   450;   615;  2199;   603;     1;     0;   -67;   -67;   6.2; drag-lps8-01; 2; 7; 125000; 1029
2022-10-03 12:01:34; hka-aqm-n202;  24.98;  41.59;   446;   604;  2136;   580;     0;     0;   -69;   -69;   7.2; drag-lps8-01; 5; 7; 125000; 1030
2022-10-03 12:01:53; hka-aqm-n202;  25.02;  41.59;   445;   604;  1834;   498;     0;     0;   -69;   -69;   9.0; drag-lps8-01; 4; 7; 125000; 1031
2022-10-03 12:02:14; hka-aqm-n202;  24.98;  41.59;   444;   598;  1432;   389;     0;     0;   -70;   -70;   8.0; drag-lps8-01; 0; 7; 125000; 1033
2022-10-03 12:02:33; hka-aqm-n202;  24.98;  41.59;   444;   603;  1039;   283;     0;     0;   -70;   -70;   8.5; drag-lps8-01; 3; 7; 125000; 1035
2022-10-03 12:02:53; hka-aqm-n202;  25.03;  41.56;   444;   603;   555;   152;     0;     0;   -67;   -67;   8.5; drag-lps8-01; 1; 7; 125000; 1036
2022-10-03 12:03:32; hka-aqm-n202;  25.00;  41.53;   448;   600;   254;    68;     1;     0;   -67;   -67;   7.2; drag-lps8-01; 6; 7; 125000; 1037
2022-10-03 12:06:14; hka-aqm-n202;  25.19;  41.53;   444;   601;   365;    96;     1;     0;   -69;   -69;   6.0; drag-lps8-01; 5; 7; 125000; 1038
2022-10-03 12:06:52; hka-aqm-n202;  25.25;  41.46;   448;   584;   255;    67;     0;     0;   -67;   -67;   8.0; drag-lps8-01; 0; 7; 125000; 1039
2022-10-03 12:07:33; hka-aqm-n202;  25.20;  41.40;   445;   601;   349;    94;     0;     0;   -69;   -69;   7.8; drag-lps8-01; 4; 7; 125000; 1040
2022-10-03 12:08:52; hka-aqm-n202;  25.21;  41.33;   448;   587;   251;    63;     1;     0;   -67;   -67;   7.5; drag-lps8-01; 2; 7; 125000; 1041
2022-10-03 12:09:32; hka-aqm-n202;  25.23;  41.33;   450;   591;   311;    80;     1;     0;   -66;   -66;   8.2; drag-lps8-01; 0; 7; 125000; 1042
2022-10-03 12:10:12; hka-aqm-n202;  25.19;  41.36;   446;   603;   360;    94;     1;     0;   -67;   -67;   7.5; drag-lps8-01; 6; 7; 125000; 1043
2022-10-03 12:11:34; hka-aqm-n202;  25.26;  41.33;   445;   605;   431;   117;     2;     0;   -66;   -66;   7.5; drag-lps8-01; 2; 7; 125000; 1044
2022-10-03 12:11:54; hka-aqm-n202;  25.27;  41.33;   444;   598;   693;   192;     1;     0;   -69;   -69;   7.5; drag-lps8-01; 7; 7; 125000; 1045
2022-10-03 12:12:33; hka-aqm-n202;  25.22;  41.36;   448;   605;  1707;   462;     0;     0;   -71;   -71;   8.5; drag-lps8-01; 3; 7; 125000; 1046
2022-10-03 12:12:53; hka-aqm-n202;  25.20;  41.33;   446;   597;  2139;   579;     0;     0;   -69;   -69;   9.5; drag-lps8-01; 1; 7; 125000; 1047
2022-10-03 12:13:13; hka-aqm-n202;  25.23;  41.26;   445;   612;  1259;   329;     0;     0;   -67;   -67;   8.5; drag-lps8-01; 4; 7; 125000; 1048
2022-10-03 12:13:34; hka-aqm-n202;  25.20;  41.26;   445;   605;   361;    89;     0;     0;   -69;   -69;   7.2; drag-lps8-01; 5; 7; 125000; 1049
2022-10-03 12:14:12; hka-aqm-n202;  25.22;  41.23;   449;   599;  1208;   320;     1;     0;   -67;   -67;   7.5; drag-lps8-01; 2; 7; 125000; 1050
2022-10-03 12:14:32; hka-aqm-n202;  25.20;  41.20;   447;   604;  2644;   721;     1;     0;   -71;   -71;   9.0; drag-lps8-01; 3; 7; 125000; 1051
2022-10-03 12:14:54; hka-aqm-n202;  25.19;  41.26;   446;   600;  2425;   660;     0;     0;   -71;   -71;   8.8; drag-lps8-01; 7; 7; 125000; 1052
2022-10-03 12:15:35; hka-aqm-n202;  25.12;  41.26;   450;   608;  2512;   683;     0;     0;   -69;   -69;   9.8; drag-lps8-01; 4; 7; 125000; 1053
2022-10-03 12:15:53; hka-aqm-n202;  25.14;  41.26;   448;   609;  2054;   552;     0;     0;   -70;   -70;   9.0; drag-lps8-01; 0; 7; 125000; 1054
2022-10-03 12:16:15; hka-aqm-n202;  25.18;  41.23;   446;   604;  2484;   668;     0;     0;   -69;   -69;   6.8; drag-lps8-01; 5; 7; 125000; 1056
2022-10-03 12:16:52; hka-aqm-n202;  25.14;  41.20;   449;   589;  2157;   580;     1;     0;   -70;   -70;   8.5; drag-lps8-01; 6; 7; 125000; 1057
2022-10-03 12:17:13; hka-aqm-n202;  25.18;  41.20;   447;   594;  2791;   754;     1;     0;   -71;   -71;   9.5; drag-lps8-01; 7; 7; 125000; 1059
2022-10-03 12:18:13; hka-aqm-n202;  25.18;  41.10;   448;   594;  2898;   780;     2;     0;   -67;   -67;   6.5; drag-lps8-01; 5; 7; 125000; 1060
2022-10-03 12:18:54; hka-aqm-n202;  25.09;  41.07;   450;   589;  2808;   758;     0;     0;   -70;   -70;   8.8; drag-lps8-01; 0; 7; 125000; 1061
2022-10-03 12:19:14; hka-aqm-n202;  25.11;  41.04;   448;   586;  2950;   794;     0;     0;   -66;   -66;   6.2; drag-lps8-01; 2; 7; 125000; 1062
2022-10-03 12:20:14; hka-aqm-n202;  25.16;  40.94;   444;   563;  3026;   812;     0;     0;   -67;   -67;   7.2; drag-lps8-01; 1; 7; 125000; 1063
2022-10-03 12:20:34; hka-aqm-n202;  25.16;  40.90;   443;   588;  2906;   782;     0;     0;   -67;   -67;   7.8; drag-lps8-01; 6; 7; 125000; 1064
2022-10-03 12:21:14; hka-aqm-n202;  25.17;  40.77;   441;   573;  2983;   801;     0;     0;   -69;   -69;   9.5; drag-lps8-01; 4; 7; 125000; 1065
2022-10-03 12:21:34; hka-aqm-n202;  25.17;  40.68;   441;   563;  2845;   767;     0;     0;   -69;   -69;   9.2; drag-lps8-01; 1; 7; 125000; 1066
2022-10-03 12:22:35; hka-aqm-n202;  25.28;  40.51;   441;   583;  2801;   760;     0;     0;   -70;   -70;   8.0; drag-lps8-01; 0; 7; 125000; 1067
2022-10-03 12:23:54; hka-aqm-n202;  25.37;  40.25;   441;   580;  2956;   801;     1;     0;   -69;   -69;   7.5; drag-lps8-01; 7; 7; 125000; 1068
2022-10-03 12:24:14; hka-aqm-n202;  25.40;  40.18;   441;   573;  2864;   774;     0;     0;   -71;   -71;   8.8; drag-lps8-01; 3; 7; 125000; 1069
2022-10-03 12:24:34; hka-aqm-n202;  25.40;  40.15;   441;   580;   929;   238;     0;     0;   -69;   -69;   8.8; drag-lps8-01; 4; 7; 125000; 1070
2022-10-03 12:25:13; hka-aqm-n202;  25.38;  40.15;   445;   557;   517;   129;     1;     0;   -69;   -69;   9.2; drag-lps8-01; 6; 7; 125000; 1071
2022-10-03 12:25:53; hka-aqm-n202;  25.36;  40.15;   447;   549;  1324;   342;     1;     0;   -67;   -67;   7.8; drag-lps8-01; 2; 7; 125000; 1072
2022-10-03 12:26:13; hka-aqm-n202;  25.35;  40.15;   445;   550;   446;   109;     1;     0;   -67;   -67;   6.0; drag-lps8-01; 5; 7; 125000; 1073
2022-10-03 12:26:34; hka-aqm-n202;  25.32;  40.25;   443;   551;   197;    50;     1;     0;   -67;   -67;   8.5; drag-lps8-01; 6; 7; 125000; 1074
2022-10-03 12:27:14; hka-aqm-n202;  25.25;  40.25;   441;   559;   284;    70;     0;     0;   -69;   -69;   8.5; drag-lps8-01; 3; 7; 125000; 1075
2022-10-03 12:27:34; hka-aqm-n202;  25.32;  40.22;   441;   570;   352;    86;     0;     0;   -67;   -67;   7.0; drag-lps8-01; 5; 7; 125000; 1076
2022-10-03 12:27:55; hka-aqm-n202;  25.28;  40.22;   441;   563;   770;   192;     0;     0;   -67;   -67;   6.8; drag-lps8-01; 2; 7; 125000; 1077
2022-10-03 12:28:34; hka-aqm-n202;  25.33;  40.22;   445;   566;   332;    82;     1;     0;   -69;   -69;   9.0; drag-lps8-01; 4; 7; 125000; 1078
2022-10-03 12:29:53; hka-aqm-n202;  25.35;  40.15;   449;   576;  2619;   702;     1;     0;   -69;   -69;   9.5; drag-lps8-01; 1; 7; 125000; 1080
2022-10-03 12:30:15; hka-aqm-n202;  25.48;  39.89;   446;   570;  3050;   823;     1;     0;   -67;   -67;   6.5; drag-lps8-01; 2; 7; 125000; 1082
2022-10-03 12:30:54; hka-aqm-n202;  25.48;  39.76;   443;   558;  3124;   846;     0;     0;   -67;   -67;   8.2; drag-lps8-01; 1; 7; 125000; 1083
2022-10-03 12:31:14; hka-aqm-n202;  25.44;  39.69;   442;   578;  2973;   804;     0;     0;   -69;   -69;   7.2; drag-lps8-01; 5; 7; 125000; 1084
2022-10-03 12:31:53; hka-aqm-n202;  25.47;  39.62;   445;   562;  2869;   774;     1;     0;   -69;   -69;   8.2; drag-lps8-01; 3; 7; 125000; 1085
2022-10-03 12:32:13; hka-aqm-n202;  25.46;  39.62;   443;   571;  1455;   375;     1;     0;   -69;   -69;   8.2; drag-lps8-01; 7; 7; 125000; 1086
2022-10-03 12:32:35; hka-aqm-n202;  25.36;  39.66;   442;   560;   835;   207;     1;     0;   -71;   -71;   9.5; drag-lps8-01; 0; 7; 125000; 1087
2022-10-03 12:32:54; hka-aqm-n202;  25.36;  39.69;   440;   556;   514;   124;     0;     0;   -69;   -69;   9.5; drag-lps8-01; 4; 7; 125000; 1088
2022-10-03 12:33:14; hka-aqm-n202;  25.34;  39.69;   439;   550;   331;    81;     0;     0;   -67;   -67;   9.0; drag-lps8-01; 6; 7; 125000; 1089
2022-10-03 12:33:34; hka-aqm-n202;  25.33;  39.72;   438;   539;   194;    49;     1;     0;   -69;   -69;   7.0; drag-lps8-01; 5; 7; 125000; 1090
2022-10-03 12:35:33; hka-aqm-n202;  25.27;  39.89;   448;   534;   241;    60;     2;     0;   -71;   -71;   9.2; drag-lps8-01; 0; 7; 125000; 1091
2022-10-03 12:35:55; hka-aqm-n202;  25.31;  39.89;   445;   536;   307;    76;     2;     0;   -69;   -69;   9.0; drag-lps8-01; 6; 7; 125000; 1092
2022-10-03 12:36:53; hka-aqm-n202;  25.31;  39.99;   451;   541;   111;    27;     0;     0;   -71;   -71;   9.5; drag-lps8-01; 3; 7; 125000; 1093
2022-10-03 12:41:14; hka-aqm-n202;  25.22;  40.41;   441;   555;   169;    42;     1;     0;   -69;   -69;   9.2; drag-lps8-01; 1; 7; 125000; 1094
2022-10-03 12:41:34; hka-aqm-n202;  25.26;  40.41;   441;   559;   415;   105;     0;     0;   -66;   -66;   7.2; drag-lps8-01; 2; 7; 125000; 1096
2022-10-03 12:42:14; hka-aqm-n202;  25.36;  40.35;   441;   567;   326;    91;     1;     0;   -69;   -69;   9.0; drag-lps8-01; 4; 7; 125000; 1097
2022-10-03 12:44:15; hka-aqm-n202;  25.48;  40.35;   440;   548;   560;   156;     1;     0;   -67;   -67;   6.2; drag-lps8-01; 2; 7; 125000; 1098
2022-10-03 12:44:35; hka-aqm-n202;  25.47;  40.28;   440;   515;  2205;   607;     0;     0;   -71;   -71;   9.2; drag-lps8-01; 7; 7; 125000; 1099
2022-10-03 12:44:54; hka-aqm-n202;  25.54;  40.28;   440;   510;  5921;  1605;     1;     0;   -69;   -69;   8.5; drag-lps8-01; 1; 7; 125000; 1100
2022-10-03 12:45:35; hka-aqm-n202;  25.52;  40.18;   444;   526; 12965;  3425;     1;     0;   -69;   -69;   8.5; drag-lps8-01; 6; 7; 125000; 1101
2022-10-03 12:46:15; hka-aqm-n202;  25.62;  40.08;   447;   538; 11307;  2978;     0;     0;   -71;   -71;   8.2; drag-lps8-01; 3; 7; 125000; 1103
2022-10-03 12:46:34; hka-aqm-n202;  25.67;  40.02;   445;   551;  7916;  2092;     1;     0;   -70;   -70;   9.2; drag-lps8-01; 0; 7; 125000; 1105
2022-10-03 12:46:54; hka-aqm-n202;  25.62;  40.02;   443;   557;  3744;  1000;     1;     0;   -67;   -67;   8.8; drag-lps8-01; 1; 7; 125000; 1106
2022-10-03 12:47:14; hka-aqm-n202;  25.63;  39.89;   442;   592;  1123;   312;     0;     0;   -71;   -71;   9.8; drag-lps8-01; 7; 7; 125000; 1107
2022-10-03 12:47:53; hka-aqm-n202;  25.62;  39.89;   444;   590;   424;   133;     0;     0;   -69;   -69;   8.2; drag-lps8-01; 4; 7; 125000; 1108
2022-10-03 13:02:59; hka-aqm-n202;  25.71;  39.43;   449;   559;   240;    65;     2;     0;   -71;   -71;   8.8; drag-lps8-01; 3; 7; 125000; 1109
2022-10-03 13:18:05; hka-aqm-n202;  25.51;  38.77;   437;   534;   178;    49;     2;     0;   -68;   -68;   8.0; drag-lps8-01; 0; 7; 125000; 1110
2022-10-03 13:33:11; hka-aqm-n202;  25.37;  38.60;   436;   526;   209;    58;     1;     0;   -69;   -69;   6.0; drag-lps8-01; 5; 7; 125000; 1111
2022-10-03 13:33:35; hka-aqm-n202;  25.40;  38.60;   435;   513;   480;   136;     2;     0;   -66;   -66;   7.0; drag-lps8-01; 2; 7; 125000; 1112
2022-10-03 13:33:54; hka-aqm-n202;  25.36;  38.44;   435;   523;   902;   246;     0;     0;   -67;   -67;   7.5; drag-lps8-01; 6; 7; 125000; 1113
2022-10-03 13:34:15; hka-aqm-n202;  25.36;  38.37;   435;   532;   953;   253;     0;     0;   -69;   -69;   7.8; drag-lps8-01; 0; 7; 125000; 1114
2022-10-03 13:34:34; hka-aqm-n202;  25.38;  38.31;   435;   538;   867;   226;     0;     0;   -67;   -67;   7.0; drag-lps8-01; 2; 7; 125000; 1115
2022-10-03 13:36:33; hka-aqm-n202;  25.34;  38.27;   440;   510;   171;    39;     1;     0;   -70;   -70;   8.8; drag-lps8-01; 7; 7; 125000; 1118
2022-10-03 13:36:55; hka-aqm-n202;  25.41;  38.11;   438;   510;  2138;   552;     1;     0;   -66;   -66;   7.8; drag-lps8-01; 1; 7; 125000; 1120
2022-10-03 13:37:14; hka-aqm-n202;  25.37;  38.11;   437;   516;   897;   228;     0;     0;   -67;   -67;   6.5; drag-lps8-01; 2; 7; 125000; 1121
2022-10-03 13:37:35; hka-aqm-n202;  25.36;  38.18;   436;   518;   216;    52;     0;     0;   -71;   -71;   9.8; drag-lps8-01; 3; 7; 125000; 1122
2022-10-03 13:38:13; hka-aqm-n202;  25.37;  38.14;   439;   519;  2390;   620;     0;     0;   -68;   -68;   8.5; drag-lps8-01; 0; 7; 125000; 1123
2022-10-03 13:38:54; hka-aqm-n202;  25.40;  38.04;   441;   531;  2299;   593;     0;     0;   -69;   -69;   9.0; drag-lps8-01; 4; 7; 125000; 1124
2022-10-03 13:39:54; hka-aqm-n202;  25.42;  37.94;   440;   522;  1220;   318;     0;     0;   -70;   -70;   9.2; drag-lps8-01; 3; 7; 125000; 1126
2022-10-03 13:40:14; hka-aqm-n202;  25.33;  37.98;   437;   527;  1018;   269;     0;     0;   -67;   -67;   7.8; drag-lps8-01; 4; 7; 125000; 1127
2022-10-03 13:41:14; hka-aqm-n202;  25.45;  37.98;   443;   528;   644;   170;     1;     0;   -69;   -69;   8.2; drag-lps8-01; 6; 7; 125000; 1128
2022-10-03 13:41:54; hka-aqm-n202;  25.40;  37.84;   436;   535;   539;   147;     0;     0;   -67;   -67;   9.0; drag-lps8-01; 1; 7; 125000; 1129
2022-10-03 13:42:33; hka-aqm-n202;  25.37;  37.88;   438;   527;   749;   199;     1;     0;   -67;   -67;   6.8; drag-lps8-01; 2; 7; 125000; 1130
2022-10-03 13:42:53; hka-aqm-n202;  25.34;  37.84;   436;   534;   818;   214;     1;     0;   -69;   -69;   9.8; drag-lps8-01; 0; 7; 125000; 1131
2022-10-03 13:43:33; hka-aqm-n202;  25.36;  37.91;   438;   525;  1449;   377;     1;     0;   -67;   -67;   6.2; drag-lps8-01; 5; 7; 125000; 1132
2022-10-03 13:43:54; hka-aqm-n202;  25.38;  37.98;   436;   530;  1512;   393;     1;     0;   -69;   -69;   9.5; drag-lps8-01; 6; 7; 125000; 1133
2022-10-03 13:45:14; hka-aqm-n202;  25.41;  37.91;   440;   522;  1731;   447;     2;     0;   -67;   -67;   9.5; drag-lps8-01; 1; 7; 125000; 1134
2022-10-03 13:45:34; hka-aqm-n202;  25.41;  37.91;   437;   531;  2293;   591;     0;     0;   -69;   -69;   8.8; drag-lps8-01; 4; 7; 125000; 1135
2022-10-03 13:45:54; hka-aqm-n202;  25.38;  37.78;   435;   533;  2425;   621;     0;     0;   -70;   -70;   8.0; drag-lps8-01; 3; 7; 125000; 1136
2022-10-03 13:46:14; hka-aqm-n202;  25.36;  37.75;   434;   530;  2132;   548;     0;     0;   -67;   -67;   7.0; drag-lps8-01; 2; 7; 125000; 1137
2022-10-03 13:46:34; hka-aqm-n202;  25.41;  37.78;   433;   525;  2045;   526;     0;     0;   -63;   -63;   8.5; drag-lps8-01; 0; 7; 125000; 1138
2022-10-03 13:46:54; hka-aqm-n202;  25.40;  37.75;   432;   531;  1979;   509;     1;     0;   -70;   -70;   8.5; drag-lps8-01; 7; 7; 125000; 1139
2022-10-03 13:47:14; hka-aqm-n202;  25.42;  37.78;   432;   504;  1486;   382;     1;     0;   -69;   -69;   6.8; drag-lps8-01; 5; 7; 125000; 1140
2022-10-03 13:47:35; hka-aqm-n202;  25.39;  37.65;   432;   538;   908;   236;     0;     0;   -71;   -71;   9.8; drag-lps8-01; 7; 7; 125000; 1141
2022-10-03 13:48:14; hka-aqm-n202;  25.42;  37.65;   436;   536;   397;   107;     0;     0;   -69;   -69;   8.5; drag-lps8-01; 6; 7; 125000; 1142
2022-10-03 13:48:34; hka-aqm-n202;  25.46;  37.51;   434;   535;   201;    56;     0;     0;   -69;   -69;   9.5; drag-lps8-01; 1; 7; 125000; 1143
2022-10-03 14:03:40; hka-aqm-n202;  25.34;  37.51;   438;   527;   136;    36;     1;     0;   -69;   -69;   7.8; drag-lps8-01; 4; 7; 125000; 1144
2022-10-03 14:18:46; hka-aqm-n202;  25.29;  38.37;   432;   541;    45;    12;     2;     0;   -66;   -66;   6.5; drag-lps8-01; 2; 7; 125000; 1145
2022-10-03 14:34:00; hka-aqm-n202;  25.22;  39.23;   435;   560;    69;    17;     2;     0;   -71;   -71;   8.8; drag-lps8-01; 0; 7; 125000; 1147
2022-10-03 14:49:15; hka-aqm-n202;  25.21;  38.87;   442;   543;   116;    31;     2;     0;   -69;   -69;   9.5; drag-lps8-01; 6; 7; 125000; 1149
2022-10-03 15:04:22; hka-aqm-n202;  25.20;  37.38;   450;   546;    82;    22;     2;     0;   -71;   -71;   8.5; drag-lps8-01; 3; 7; 125000; 1150
2022-10-03 15:19:28; hka-aqm-n202;  25.14;  37.88;   433;   559;    83;    24;     2;     0;   -69;   -69;  10.2; drag-lps8-01; 4; 7; 125000; 1151
2022-10-03 15:34:36; hka-aqm-n202;  25.14;  36.35;   429;   571;    56;    16;     2;     0;   -71;   -71;   9.5; drag-lps8-01; 0; 7; 125000; 1152
2022-10-03 15:49:42; hka-aqm-n202;  25.10;  36.72;   442;   513;    37;     9;     2;     0;   -69;   -69;   8.8; drag-lps8-01; 1; 7; 125000; 1153
2022-10-03 16:04:48; hka-aqm-n202;  25.11;  36.72;   434;   539;    19;     3;     2;     0;   -69;   -69;   7.0; drag-lps8-01; 5; 7; 125000; 1154
2022-10-03 16:19:55; hka-aqm-n202;  25.08;  36.02;   429;   532;    21;     5;     2;     0;   -67;   -67;   6.8; drag-lps8-01; 2; 7; 125000; 1155
2022-10-03 16:35:01; hka-aqm-n202;  25.07;  35.99;   436;   574;    20;     5;     2;     0;   -68;   -68;   8.5; drag-lps8-01; 7; 7; 125000; 1156
2022-10-03 16:50:08; hka-aqm-n202;  25.06;  36.09;   438;   586;    18;     4;     2;     0;   -70;   -70;   9.0; drag-lps8-01; 3; 7; 125000; 1157
2022-10-03 17:05:15; hka-aqm-n202;  25.03;  36.45;   430;   548;    18;     4;     2;     0;   -69;   -69;   8.5; drag-lps8-01; 4; 7; 125000; 1158
2022-10-03 17:20:22; hka-aqm-n202;  25.04;  36.06;   432;   567;    23;     7;     2;     0;   -67;   -67;   7.2; drag-lps8-01; 5; 7; 125000; 1159
2022-10-03 17:35:28; hka-aqm-n202;  24.98;  36.32;   438;   555;    22;     6;     2;     0;   -71;   -71;   9.2; drag-lps8-01; 0; 7; 125000; 1160
2022-10-03 17:50:36; hka-aqm-n202;  25.05;  36.16;   436;   586;    13;     3;     2;     0;   -71;   -71;   9.5; drag-lps8-01; 7; 7; 125000; 1161
2022-10-03 18:05:43; hka-aqm-n202;  24.96;  36.35;   438;   553;    11;     2;     2;     0;   -69;   -69;   9.2; drag-lps8-01; 6; 7; 125000; 1162
2022-10-03 18:20:49; hka-aqm-n202;  24.96;  37.25;   443;   615;    10;     2;     2;     0;   -69;   -69;   8.8; drag-lps8-01; 1; 7; 125000; 1163
2022-10-03 18:35:56; hka-aqm-n202;  24.98;  36.95;   440;   585;     9;     2;     2;     0;   -66;   -66;   6.5; drag-lps8-01; 2; 7; 125000; 1164
2022-10-03 18:51:02; hka-aqm-n202;  25.01;  37.35;   433;   650;     6;     1;     2;     0;   -67;   -67;   7.2; drag-lps8-01; 6; 7; 125000; 1165
2022-10-03 19:06:09; hka-aqm-n202;  24.93;  37.71;   442;   652;     5;     0;     2;     0;   -70;   -70;   8.8; drag-lps8-01; 3; 7; 125000; 1166
2022-10-03 19:21:16; hka-aqm-n202;  24.94;  37.51;   440;   657;     5;     0;     2;     0;   -69;   -69;   9.2; drag-lps8-01; 4; 7; 125000; 1167
2022-10-03 19:36:22; hka-aqm-n202;  24.95;  37.45;   446;   680;     5;     0;     2;     0;   -69;   -69;   9.0; drag-lps8-01; 0; 7; 125000; 1168
2022-10-03 19:51:36; hka-aqm-n202;  24.94;  37.32;   447;   670;     5;     0;     2;     0;   -72;   -72;   8.8; drag-lps8-01; 7; 7; 125000; 1170
2022-10-03 20:06:49; hka-aqm-n202;  24.86;  37.65;   452;   698;     5;     0;     2;     0;   -69;   -69;   6.5; drag-lps8-01; 5; 7; 125000; 1172
2022-10-03 20:21:56; hka-aqm-n202;  24.90;  37.28;   453;   704;     5;     0;     2;     0;   -71;   -71;   9.8; drag-lps8-01; 7; 7; 125000; 1173
2022-10-03 20:37:02; hka-aqm-n202;  24.90;  36.92;   467;   687;     5;     0;     2;     0;   -69;   -69;   8.8; drag-lps8-01; 3; 7; 125000; 1174
2022-10-03 20:52:08; hka-aqm-n202;  24.84;  36.65;   449;   669;     5;     0;     2;     0;   -71;   -71;   9.0; drag-lps8-01; 0; 7; 125000; 1175
2022-10-03 21:07:17; hka-aqm-n202;  24.84;  36.39;   450;   673;     5;     0;     2;     0;   -69;   -69;   8.5; drag-lps8-01; 6; 7; 125000; 1176
2022-10-03 21:22:23; hka-aqm-n202;  24.87;  36.02;   460;   699;     5;     0;     2;     0;   -65;   -65;   6.0; drag-lps8-01; 2; 7; 125000; 1177
2022-10-03 21:37:29; hka-aqm-n202;  24.86;  35.79;   467;   690;     5;     0;     2;     0;   -69;   -69;   9.2; drag-lps8-01; 4; 7; 125000; 1178
2022-10-03 21:52:37; hka-aqm-n202;  24.80;  35.46;   469;   691;     5;     0;     2;     0;   -69;   -69;   6.2; drag-lps8-01; 5; 7; 125000; 1179
2022-10-03 22:07:43; hka-aqm-n202;  24.81;  35.36;   471;   712;     5;     0;     2;     0;   -69;   -69;   9.5; drag-lps8-01; 1; 7; 125000; 1180
2022-10-03 22:22:49; hka-aqm-n202;  24.86;  35.09;   481;   690;     6;     1;     2;     0;   -68;   -68;   7.2; drag-lps8-01; 6; 7; 125000; 1181
2022-10-03 22:37:57; hka-aqm-n202;  24.83;  34.89;   480;   683;     6;     1;     2;     0;   -69;   -69;   8.8; drag-lps8-01; 1; 7; 125000; 1182
2022-10-03 22:53:03; hka-aqm-n202;  24.84;  34.59;   480;   690;     5;     1;     2;     0;   -71;   -71;  10.0; drag-lps8-01; 0; 7; 125000; 1183
2022-10-03 23:08:10; hka-aqm-n202;  24.83;  34.39;   483;   720;     5;     0;     2;     0;   -63;   -63;   6.5; drag-lps8-01; 2; 7; 125000; 1184
2022-10-03 23:23:16; hka-aqm-n202;  24.82;  34.19;   487;   694;     5;     0;     2;     0;   -71;   -71;   9.0; drag-lps8-01; 7; 7; 125000; 1185
2022-10-03 23:38:22; hka-aqm-n202;  24.78;  34.06;   481;   690;     5;     0;     2;     0;   -71;   -71;   8.0; drag-lps8-01; 3; 7; 125000; 1186
2022-10-03 23:53:29; hka-aqm-n202;  24.82;  33.79;   479;   702;     5;     0;     2;     0;   -71;   -71;   9.5; drag-lps8-01; 4; 7; 125000; 1187
