# Logfile LoRaWAN TTN/TTS V3 logger version hka-log V 1.1
date_time;device_id;tmp;hum;CO2;VOC;vis;IR;WIFI;BLE;rssi;channel_rssi;snr;gateway;channel_index;spreading_factor;bandwidth;f_cnt
2023-01-21 00:04:04; hka-aqm-n202;  21.59;  22.65;   437;   823;     5;     0;     2;     4;   -57;   -57;   9.5; drag-lps8-01; 0; 7; 125000; 196
2023-01-21 00:19:12; hka-aqm-n202;  21.60;  22.89;   438;   814;     5;     1;     2;     4;   -57;   -57;   9.8; drag-lps8-01; 3; 7; 125000; 197
2023-01-21 00:34:19; hka-aqm-n202;  21.58;  22.99;   446;   744;     5;     0;     2;     4;   -59;   -59;   6.2; drag-lps8-01; 5; 7; 125000; 198
2023-01-21 00:49:25; hka-aqm-n202;  21.58;  23.06;   443;   754;     5;     0;     2;     4;  -123;  -123;  -4.8; drag-outd-01; 2; 7; 125000; 199
2023-01-21 01:04:33; hka-aqm-n202;  21.59;  23.17;   462;   825;     5;     1;     2;     4;   -54;   -54;   7.8; drag-lps8-01; 4; 7; 125000; 200
2023-01-21 01:19:39; hka-aqm-n202;  21.57;  23.20;   448;   700;     5;     1;     2;     4;   -57;   -57;   9.2; drag-lps8-01; 3; 7; 125000; 201
2023-01-21 01:34:45; hka-aqm-n202;  21.56;  23.34;   443;   776;     5;     0;     2;     4;  -124;  -124;  -5.8; drag-outd-01; 0; 7; 125000; 202
2023-01-21 01:49:53; hka-aqm-n202;  21.55;  23.37;   442;   773;     5;     0;     2;     4;   -55;   -55;   9.0; drag-lps8-01; 7; 7; 125000; 203
2023-01-21 02:05:06; hka-aqm-n202;  21.57;  22.99;   440;   732;     5;     1;     2;     4;   -55;   -55;   8.2; drag-lps8-01; 6; 7; 125000; 205
2023-01-21 02:20:13; hka-aqm-n202;  21.57;  22.44;   445;   655;     5;     1;     2;     4;   -55;   -55;   8.5; drag-lps8-01; 4; 7; 125000; 206
2023-01-21 02:35:26; hka-aqm-n202;  21.54;  21.99;   441;   749;     5;     0;     2;     4;   -60;   -60;   7.0; drag-lps8-01; 5; 7; 125000; 208
2023-01-21 02:50:33; hka-aqm-n202;  21.54;  21.48;   451;   760;     5;     1;     2;     4;   -55;   -55;   9.5; drag-lps8-01; 7; 7; 125000; 209
2023-01-21 03:05:39; hka-aqm-n202;  21.52;  21.13;   449;   788;     5;     0;     2;     4;   -55;   -55;   9.0; drag-lps8-01; 6; 7; 125000; 210
2023-01-21 03:20:46; hka-aqm-n202;  21.52;  20.96;   448;   837;     5;     0;     2;     4;   -60;   -60;   6.0; drag-lps8-01; 5; 7; 125000; 211
2023-01-21 03:35:52; hka-aqm-n202;  21.51;  20.71;   451;   838;     5;     1;     2;     4;   -57;   -57;   9.5; drag-lps8-01; 0; 7; 125000; 212
2023-01-21 03:50:58; hka-aqm-n202;  21.51;  20.51;   470;   882;     5;     0;     2;     4;   -55;   -55;   6.0; drag-lps8-01; 2; 7; 125000; 213
2023-01-21 04:06:05; hka-aqm-n202;  21.51;  20.30;   455;   880;     5;     1;     2;     4;  -124;  -124;  -7.5; drag-outd-01; 4; 7; 125000; 214
2023-01-21 04:21:13; hka-aqm-n202;  21.49;  19.95;   460;   918;     5;     0;     2;     4;   -55;   -55;   8.8; drag-lps8-01; 3; 7; 125000; 215
2023-01-21 04:36:20; hka-aqm-n202;  21.49;  19.67;   453;   860;     5;     1;     2;     4;   -55;   -55;   8.5; drag-lps8-01; 1; 7; 125000; 216
2023-01-21 04:51:26; hka-aqm-n202;  21.48;  19.43;   461;   882;     5;     0;     2;     4;   -54;   -54;   8.0; drag-lps8-01; 7; 7; 125000; 217
2023-01-21 05:06:33; hka-aqm-n202;  21.48;  19.19;   462;   848;     5;     0;     2;     4;   -55;   -55;   9.8; drag-lps8-01; 0; 7; 125000; 218
2023-01-21 05:21:39; hka-aqm-n202;  21.36;  19.08;   452;   821;     5;     0;     2;     4;   -57;   -57;   9.0; drag-lps8-01; 3; 7; 125000; 219
2023-01-21 05:36:46; hka-aqm-n202;  21.38;  18.98;   456;   797;     5;     0;     2;     4;  -125;  -125;  -6.2; drag-outd-01; 1; 7; 125000; 220
2023-01-21 05:51:53; hka-aqm-n202;  21.42;  18.98;   456;   806;     5;     0;     2;     4;  -124;  -124;  -6.0; drag-outd-01; 2; 7; 125000; 221
2023-01-21 06:06:59; hka-aqm-n202;  21.46;  18.98;   459;   825;     5;     0;     2;     4;   -55;   -55;   9.5; drag-lps8-01; 6; 7; 125000; 222
2023-01-21 06:22:05; hka-aqm-n202;  21.44;  19.25;   462;   870;     5;     0;     2;     4;   -60;   -60;   6.2; drag-lps8-01; 5; 7; 125000; 223
2023-01-21 06:37:12; hka-aqm-n202;  21.47;  19.53;   456;   884;     5;     0;     2;     4;   -54;   -54;   9.0; drag-lps8-01; 4; 7; 125000; 224
2023-01-21 06:52:19; hka-aqm-n202;  21.42;  19.60;   457;   867;     5;     0;     2;     4;  -124;  -124;  -5.5; drag-outd-01; 1; 7; 125000; 225
2023-01-21 07:07:25; hka-aqm-n202;  21.38;  19.46;   450;   819;     5;     0;     2;     4;   -54;   -54;   7.8; drag-lps8-01; 6; 7; 125000; 226
2023-01-21 07:22:33; hka-aqm-n202;  21.35;  19.46;   452;   738;     5;     1;     2;     4;   -57;   -57;   9.0; drag-lps8-01; 0; 7; 125000; 227
2023-01-21 07:37:46; hka-aqm-n202;  21.34;  19.50;   448;   751;     5;     0;     2;     4;   -55;   -55;   6.5; drag-lps8-01; 5; 7; 125000; 229
2023-01-21 07:52:54; hka-aqm-n202;  21.31;  19.60;   451;   688;     5;     0;     2;     4;   -55;   -55;   8.0; drag-lps8-01; 4; 7; 125000; 230
2023-01-21 08:08:07; hka-aqm-n202;  21.34;  19.60;   448;   688;     5;     0;     2;     4;   -55;   -55;   9.2; drag-lps8-01; 7; 7; 125000; 232
2023-01-21 08:23:13; hka-aqm-n202;  21.39;  19.60;   447;   590;     5;     0;     2;     4;   -53;   -53;   7.0; drag-lps8-01; 6; 7; 125000; 233
2023-01-21 08:38:20; hka-aqm-n202;  21.38;  19.60;   448;   673;     6;     1;     2;     4;   -55;   -55;   8.5; drag-lps8-01; 3; 7; 125000; 234
2023-01-21 08:53:26; hka-aqm-n202;  21.33;  19.67;   445;   633;     9;     2;     2;     4;   -55;   -55;   9.0; drag-lps8-01; 7; 7; 125000; 235
2023-01-21 09:08:34; hka-aqm-n202;  21.30;  19.67;   440;   695;    11;     2;     2;     4;   -60;   -60;   6.5; drag-lps8-01; 5; 7; 125000; 236
2023-01-21 09:23:40; hka-aqm-n202;  21.36;  19.74;   440;   695;    11;     2;     2;     4;  -127;  -127;  -7.0; drag-outd-01; 1; 7; 125000; 237
2023-01-21 09:38:46; hka-aqm-n202;  21.34;  19.67;   440;   618;    15;     4;     2;     4;   -57;   -57;   9.0; drag-lps8-01; 0; 7; 125000; 238
2023-01-21 09:53:54; hka-aqm-n202;  21.36;  19.74;   444;   661;    14;     3;     2;     4;  -124;  -124;  -5.2; drag-outd-01; 2; 7; 125000; 239
2023-01-21 10:09:01; hka-aqm-n202;  21.34;  19.88;   445;   760;    18;     4;     2;     4;   -54;   -54;  10.0; drag-lps8-01; 4; 7; 125000; 240
2023-01-21 10:24:07; hka-aqm-n202;  21.36;  19.95;   443;   772;    16;     4;     2;     4;   -55;   -55;   9.2; drag-lps8-01; 1; 7; 125000; 241
2023-01-21 10:54:21; hka-aqm-n202;  21.35;  20.02;   449;   709;    22;     6;     2;     4;   -60;   -60;   6.5; drag-lps8-01; 2; 7; 125000; 243
2023-01-21 11:09:27; hka-aqm-n202;  21.40;  20.09;   450;   715;    29;     8;     2;     4;   -54;   -54;   8.8; drag-lps8-01; 6; 7; 125000; 244
2023-01-21 11:24:40; hka-aqm-n202;  21.40;  20.30;   445;   762;    56;    18;     2;     4;  -126;  -126;  -6.5; drag-outd-01; 0; 7; 125000; 246
2023-01-21 11:39:47; hka-aqm-n202;  21.36;  20.23;   445;   804;    44;    13;     2;     4;  -125;  -125;  -6.8; drag-outd-01; 5; 7; 125000; 247
2023-01-21 11:54:55; hka-aqm-n202;  21.38;  20.37;   444;   851;    28;     8;     2;     4;   -55;   -55;   8.8; drag-lps8-01; 7; 7; 125000; 248
2023-01-21 12:10:01; hka-aqm-n202;  21.37;  20.16;   449;   873;    37;    11;     2;     4;   -60;   -60;   7.0; drag-lps8-01; 2; 7; 125000; 249
2023-01-21 12:25:08; hka-aqm-n202;  21.33;  20.23;   445;   851;    30;     8;     2;     4;   -53;   -53;   7.0; drag-lps8-01; 4; 7; 125000; 250
2023-01-21 12:40:14; hka-aqm-n202;  21.37;  20.23;   449;   871;    20;     5;     2;     4;   -57;   -57;   8.5; drag-lps8-01; 0; 7; 125000; 251
2023-01-21 12:55:20; hka-aqm-n202;  21.40;  20.23;   448;   858;    13;     3;     2;     4;   -54;   -54;   9.5; drag-lps8-01; 1; 7; 125000; 252
2023-01-21 13:10:34; hka-aqm-n202;  21.39;  20.37;   449;   838;    13;     3;     2;     4;   -57;   -57;   9.5; drag-lps8-01; 6; 7; 125000; 254
2023-01-21 13:25:47; hka-aqm-n202;  21.35;  20.51;   464;   849;    11;     3;     2;     4;  -126;  -126;  -5.8; drag-outd-01; 7; 7; 125000; 256
2023-01-21 13:40:54; hka-aqm-n202;  21.35;  20.51;   452;   869;     9;     2;     2;     4;  -126;  -126;  -6.5; drag-outd-01; 2; 7; 125000; 257
2023-01-21 13:56:00; hka-aqm-n202;  21.38;  20.64;   450;   853;    11;     2;     2;     4;  -124;  -124;  -4.5; drag-outd-01; 0; 7; 125000; 258
2023-01-21 14:11:07; hka-aqm-n202;  21.36;  20.71;   452;   813;    13;     3;     2;     4;   -59;   -59;   6.5; drag-lps8-01; 5; 7; 125000; 259
2023-01-21 14:26:14; hka-aqm-n202;  21.37;  20.78;   448;   786;     9;     2;     2;     4;   -55;   -55;  10.0; drag-lps8-01; 6; 7; 125000; 260
2023-01-21 14:41:20; hka-aqm-n202;  21.34;  20.75;   447;   830;    12;     3;     2;     4;   -55;   -55;   8.5; drag-lps8-01; 1; 7; 125000; 261
2023-01-21 14:56:27; hka-aqm-n202;  21.36;  20.78;   448;   755;    13;     3;     2;     4;   -54;   -54;   7.8; drag-lps8-01; 7; 7; 125000; 262
2023-01-21 15:11:36; hka-aqm-n202;  21.34;  20.71;   449;   775;    13;     3;     2;     4;   -54;   -54;   8.0; drag-lps8-01; 3; 7; 125000; 263
2023-01-21 15:26:42; hka-aqm-n202;  21.35;  20.78;   445;   789;    13;     3;     2;     4;   -54;   -54;   8.0; drag-lps8-01; 4; 7; 125000; 264
2023-01-21 15:41:48; hka-aqm-n202;  21.32;  20.99;   448;   751;    10;     3;     1;     0;  -123;  -123;  -3.8; drag-outd-01; 7; 7; 125000; 265
2023-01-21 15:56:55; hka-aqm-n202;  21.33;  20.85;   443;   699;     7;     1;     2;     4;   -55;   -55;   9.8; drag-lps8-01; 1; 7; 125000; 266
2023-01-21 16:12:02; hka-aqm-n202;  21.34;  20.99;   444;   761;     6;     1;     2;     4;   -60;   -60;   6.8; drag-lps8-01; 5; 7; 125000; 267
2023-01-21 16:27:08; hka-aqm-n202;  21.32;  20.89;   446;   764;     6;     1;     1;     0;  -125;  -125;  -5.0; drag-outd-01; 0; 7; 125000; 268
2023-01-21 16:42:15; hka-aqm-n202;  21.30;  21.13;   446;   774;     7;     1;     2;     4;   -57;   -57;   8.5; drag-lps8-01; 3; 7; 125000; 269
2023-01-21 16:57:21; hka-aqm-n202;  21.30;  21.13;   454;   771;     5;     0;     2;     4;  -124;  -124;  -5.8; drag-outd-01; 2; 7; 125000; 270
2023-01-21 17:12:27; hka-aqm-n202;  21.32;  21.13;   444;   791;     5;     0;     2;     4;  -124;  -124;  -5.2; drag-outd-01; 6; 7; 125000; 271
2023-01-21 17:27:36; hka-aqm-n202;  21.33;  21.09;   445;   750;     5;     0;     2;     4;  -126;  -126;  -7.2; drag-outd-01; 4; 7; 125000; 272
2023-01-21 17:42:42; hka-aqm-n202;  21.31;  20.99;   444;   717;     5;     0;     2;     4;   -55;   -55;   8.8; drag-lps8-01; 3; 7; 125000; 273
2023-01-21 17:57:49; hka-aqm-n202;  21.33;  20.92;   453;   733;     5;     0;     2;     0;   -55;   -55;   9.0; drag-lps8-01; 0; 7; 125000; 274
2023-01-21 18:12:55; hka-aqm-n202;  21.30;  20.78;   448;   725;     5;     0;     2;     4;  -127;  -127;  -6.8; drag-outd-01; 2; 7; 125000; 275
2023-01-21 18:28:08; hka-aqm-n202;  21.30;  20.89;   445;   745;     5;     0;     1;     0;   -55;   -55;   8.0; drag-lps8-01; 7; 7; 125000; 277
2023-01-21 18:43:21; hka-aqm-n202;  21.29;  21.03;   444;   814;     5;     0;     2;     4;   -59;   -59;   6.8; drag-lps8-01; 5; 7; 125000; 279
2023-01-21 18:58:27; hka-aqm-n202;  21.29;  21.20;   450;   808;     5;     1;     2;     4;   -54;   -54;   8.0; drag-lps8-01; 1; 7; 125000; 280
2023-01-21 19:13:35; hka-aqm-n202;  21.32;  21.34;   448;   838;     5;     0;     2;     4;  -124;  -124;  -5.5; drag-outd-01; 2; 7; 125000; 281
2023-01-21 19:28:42; hka-aqm-n202;  21.30;  21.41;   452;   734;     5;     1;     2;     4;   -57;   -57;   9.2; drag-lps8-01; 3; 7; 125000; 282
2023-01-21 19:43:48; hka-aqm-n202;  21.30;  21.37;   445;   786;     5;     0;     0;     0;  -128;  -128;  -8.0; drag-outd-01; 7; 7; 125000; 283
2023-01-21 19:58:55; hka-aqm-n202;  21.31;  21.54;   443;   784;     5;     0;     2;     4;   -54;   -54;   9.0; drag-lps8-01; 1; 7; 125000; 284
2023-01-21 20:14:01; hka-aqm-n202;  21.29;  21.61;   441;   746;     5;     0;     2;     4;   -57;   -57;   8.5; drag-lps8-01; 0; 7; 125000; 285
2023-01-21 20:29:08; hka-aqm-n202;  21.32;  21.54;   447;   729;     5;     0;     2;     4;   -54;   -54;   9.0; drag-lps8-01; 6; 7; 125000; 286
2023-01-21 20:44:17; hka-aqm-n202;  21.29;  21.86;   447;   723;     5;     0;     2;     4;   -60;   -60;   6.5; drag-lps8-01; 5; 7; 125000; 287
2023-01-21 20:59:23; hka-aqm-n202;  21.28;  21.82;   441;   714;     5;     0;     2;     4;   -53;   -53;   8.8; drag-lps8-01; 4; 7; 125000; 288
2023-01-21 21:14:29; hka-aqm-n202;  21.30;  21.75;   443;   707;     5;     0;     1;     0;   -55;   -55;   7.8; drag-lps8-01; 7; 7; 125000; 289
2023-01-21 21:29:36; hka-aqm-n202;  21.28;  22.03;   442;   708;     5;     1;     2;     4;   -54;   -54;   8.5; drag-lps8-01; 1; 7; 125000; 290
2023-01-21 21:44:43; hka-aqm-n202;  21.30;  22.44;   456;   729;     5;     1;     2;     4;   -54;   -54;   7.0; drag-lps8-01; 3; 7; 125000; 291
2023-01-21 21:59:49; hka-aqm-n202;  21.32;  22.79;   443;   702;     5;     1;     0;     0;   -54;   -54;   8.2; drag-lps8-01; 0; 7; 125000; 292
2023-01-21 22:14:57; hka-aqm-n202;  21.35;  22.93;   438;   753;     5;     0;     2;     4;   -59;   -59;   7.0; drag-lps8-01; 2; 7; 125000; 293
2023-01-21 22:30:03; hka-aqm-n202;  21.29;  23.06;   442;   650;     5;     0;     2;     4;   -60;   -60;   6.5; drag-lps8-01; 5; 7; 125000; 294
2023-01-21 22:45:09; hka-aqm-n202;  21.28;  22.99;   441;   701;     5;     0;     0;     0;   -55;   -55;  10.0; drag-lps8-01; 4; 7; 125000; 295
2023-01-21 23:00:16; hka-aqm-n202;  21.27;  22.93;   442;   691;     5;     1;     2;     4;   -54;   -54;   8.8; drag-lps8-01; 6; 7; 125000; 296
2023-01-21 23:15:22; hka-aqm-n202;  21.25;  22.93;   443;   670;     5;     0;     2;     4;   -55;   -55;  10.0; drag-lps8-01; 4; 7; 125000; 297
2023-01-21 23:30:29; hka-aqm-n202;  21.27;  22.99;   440;   651;     5;     1;     0;     0;   -55;   -55;   9.0; drag-lps8-01; 1; 7; 125000; 298
2023-01-21 23:45:42; hka-aqm-n202;  21.27;  22.99;   441;   672;     5;     0;     2;     4;   -55;   -55;   7.0; drag-lps8-01; 5; 7; 125000; 300
