# Logfile LoRaWAN TTN/TTS V3 logger version hka-log V 1.1
date_time;device_id;tmp;hum;CO2;VOC;vis;IR;WIFI;BLE;rssi;channel_rssi;snr;gateway;channel_index;spreading_factor;bandwidth;f_cnt
2022-10-05 00:13:36; hka-aqm-n311;  23.60;  39.59;   540;   765;    12;     3;     1;     0;   -66;   -66;   9.2; drag-lps8-01; 7; 8; 125000; 3814
2022-10-05 00:28:42; hka-aqm-n311;  23.60;  39.30;   540;   738;     9;     1;     2;     0;   -65;   -65;  11.0; drag-lps8-01; 0; 8; 125000; 3815
2022-10-05 00:43:48; hka-aqm-n311;  23.61;  39.10;   549;   750;    12;     3;     1;     0;   -65;   -65;  10.0; drag-lps8-01; 6; 8; 125000; 3816
2022-10-05 00:58:56; hka-aqm-n311;  23.59;  38.77;   559;   718;     9;     1;     2;     0;   -65;   -65;  11.0; drag-lps8-01; 4; 8; 125000; 3817
2022-10-05 01:14:02; hka-aqm-n311;  23.60;  38.54;   557;   698;    12;     3;     0;     0;   -69;   -69;   7.8; drag-lps8-01; 5; 8; 125000; 3818
2022-10-05 01:29:08; hka-aqm-n311;  23.60;  38.44;   549;   677;     9;     1;     2;     0;   -71;   -71;   8.2; drag-lps8-01; 2; 8; 125000; 3819
2022-10-05 01:44:14; hka-aqm-n311;  23.56;  38.41;   553;   699;     9;     1;     0;     0;   -66;   -66;  10.2; drag-lps8-01; 1; 8; 125000; 3820
2022-10-05 01:59:21; hka-aqm-n311;  23.50;  38.51;   554;   660;     9;     1;     2;     0;   -64;   -64;  10.0; drag-lps8-01; 4; 8; 125000; 3821
2022-10-05 02:14:27; hka-aqm-n311;  23.50;  38.37;   562;   687;     9;     1;     2;     0;   -66;   -66;  11.0; drag-lps8-01; 1; 8; 125000; 3822
2022-10-05 02:29:36; hka-aqm-n311;  23.57;  37.91;   560;   682;     9;     1;     2;     0;   -67;   -67;  11.0; drag-lps8-01; 0; 8; 125000; 3823
2022-10-05 02:44:42; hka-aqm-n311;  23.53;  37.71;   555;   724;    12;     3;     1;     0;   -71;   -71;   8.0; drag-lps8-01; 2; 8; 125000; 3824
2022-10-05 02:59:48; hka-aqm-n311;  23.54;  37.38;   554;   706;     9;     1;     2;     0;   -65;   -65;   9.8; drag-lps8-01; 7; 8; 125000; 3825
2022-10-05 03:14:55; hka-aqm-n311;  23.53;  37.18;   555;   657;    12;     3;     2;     0;   -70;   -70;   8.2; drag-lps8-01; 5; 8; 125000; 3826
2022-10-05 03:30:01; hka-aqm-n311;  23.52;  37.12;   562;   675;     9;     1;     2;     0;   -66;   -66;  11.5; drag-lps8-01; 3; 8; 125000; 3827
2022-10-05 03:45:08; hka-aqm-n311;  23.52;  36.98;   557;   656;     9;     1;     2;     0;   -63;   -63;  11.2; drag-lps8-01; 6; 8; 125000; 3828
2022-10-05 04:00:15; hka-aqm-n311;  23.55;  36.79;   556;   572;     9;     1;     2;     0;   -65;   -65;  11.2; drag-lps8-01; 1; 8; 125000; 3829
2022-10-05 04:15:22; hka-aqm-n311;  23.48;  36.55;   556;   595;    12;     3;     2;     0;   -66;   -66;  10.0; drag-lps8-01; 3; 8; 125000; 3830
2022-10-05 04:30:28; hka-aqm-n311;  23.54;  36.39;   555;   593;    12;     3;     2;     0;   -70;   -70;   8.0; drag-lps8-01; 2; 8; 125000; 3831
2022-10-05 04:45:35; hka-aqm-n311;  23.50;  36.49;   560;   571;    12;     3;     2;     0;   -65;   -65;  11.5; drag-lps8-01; 4; 8; 125000; 3832
2022-10-05 05:00:42; hka-aqm-n311;  23.50;  36.35;   552;   590;     9;     1;     2;     0;   -67;   -67;  12.2; drag-lps8-01; 0; 8; 125000; 3833
2022-10-05 05:15:48; hka-aqm-n311;  23.50;  36.79;   551;   581;     9;     1;     2;     0;   -71;   -71;   8.5; drag-lps8-01; 5; 8; 125000; 3834
2022-10-05 05:30:54; hka-aqm-n311;  23.53;  38.11;   543;   626;     9;     1;     2;     0;   -66;   -66;  11.8; drag-lps8-01; 7; 8; 125000; 3835
2022-10-05 05:46:01; hka-aqm-n311;  23.48;  40.08;   516;   710;     9;     1;     2;     0;   -65;   -65;  11.8; drag-lps8-01; 6; 8; 125000; 3836
2022-10-05 06:01:07; hka-aqm-n311;  23.49;  41.49;   504;   773;     9;     1;     2;     0;   -65;   -65;  11.0; drag-lps8-01; 4; 8; 125000; 3837
2022-10-05 06:16:15; hka-aqm-n311;  23.62;  40.94;   503;   722;     9;     1;     2;     0;   -67;   -67;  11.0; drag-lps8-01; 0; 8; 125000; 3838
2022-10-05 06:31:22; hka-aqm-n311;  23.64;  41.20;   497;   756;     9;     1;     2;     0;   -66;   -66;  11.8; drag-lps8-01; 3; 8; 125000; 3839
2022-10-05 06:46:28; hka-aqm-n311;  23.63;  41.00;   497;   770;     9;     1;     2;     0;   -66;   -66;  10.8; drag-lps8-01; 7; 8; 125000; 3840
2022-10-05 07:01:35; hka-aqm-n311;  23.63;  41.17;   506;   775;     9;     1;     2;     0;   -66;   -66;  11.2; drag-lps8-01; 1; 8; 125000; 3841
2022-10-05 07:16:41; hka-aqm-n311;  23.63;  41.20;   498;   784;    11;     3;     2;     0;   -71;   -71;   9.0; drag-lps8-01; 2; 8; 125000; 3842
2022-10-05 07:31:48; hka-aqm-n311;  23.62;  40.94;   503;   807;    10;     1;     2;     0;   -71;   -71;   8.5; drag-lps8-01; 5; 8; 125000; 3843
2022-10-05 07:46:55; hka-aqm-n311;  23.59;  40.54;   501;   770;    11;     1;     2;     0;   -65;   -65;  11.0; drag-lps8-01; 6; 8; 125000; 3844
2022-10-05 08:02:01; hka-aqm-n311;  23.56;  40.15;   516;   771;    13;     2;     2;     1;   -65;   -65;   8.5; drag-lps8-01; 2; 8; 125000; 3845
2022-10-05 08:17:08; hka-aqm-n311;  23.57;  39.92;   517;   760;    15;     2;     2;     1;   -66;   -66;  11.8; drag-lps8-01; 7; 8; 125000; 3846
2022-10-05 08:32:14; hka-aqm-n311;  23.56;  40.15;   526;   820;    19;     4;     2;     1;   -70;   -70;   8.2; drag-lps8-01; 5; 8; 125000; 3847
2022-10-05 08:47:21; hka-aqm-n311;  23.62;  40.35;   531;   799;    17;     3;     2;     1;   -65;   -65;  11.0; drag-lps8-01; 0; 8; 125000; 3848
2022-10-05 09:02:27; hka-aqm-n311;  23.66;  40.68;   545;   798;    22;     6;     2;     1;   -63;   -63;  11.2; drag-lps8-01; 1; 8; 125000; 3849
2022-10-05 09:17:35; hka-aqm-n311;  23.67;  41.53;   531;   807;    22;     4;     2;     1;   -64;   -64;   9.5; drag-lps8-01; 6; 8; 125000; 3850
2022-10-05 09:32:41; hka-aqm-n311;  23.69;  42.57;   516;   861;    26;     6;     2;     1;   -66;   -66;   9.8; drag-lps8-01; 3; 8; 125000; 3851
2022-10-05 09:47:48; hka-aqm-n311;  23.67;  42.86;   510;   896;    28;     7;     2;     1;   -64;   -64;  11.0; drag-lps8-01; 4; 8; 125000; 3852
2022-10-05 10:02:55; hka-aqm-n311;  23.70;  43.42;   501;   866;    32;     8;     2;     1;   -66;   -66;  10.2; drag-lps8-01; 0; 8; 125000; 3853
2022-10-05 10:04:52; hka-aqm-n311;  23.71;  43.42;   504;   868;   149;    40;     2;     1;  -130;  -130; -10.5; drag-outd-01; 4; 8; 125000; 3854
2022-10-05 10:19:59; hka-aqm-n311;  23.99;  42.96;   501;   867;   171;    45;     1;     1;   -63;   -63;  11.0; drag-lps8-01; 3; 8; 125000; 3855
2022-10-05 10:35:05; hka-aqm-n311;  24.14;  43.45;   498;   879;   180;    47;     1;     2;   -60;   -60;  10.2; drag-lps8-01; 1; 8; 125000; 3856
2022-10-05 10:43:15; hka-aqm-n311;  24.13;  43.74;   492;   903;   414;   105;     1;     3;   -63;   -63;  10.8; drag-lps8-01; 7; 8; 125000; 3857
2022-10-05 10:43:52; hka-aqm-n311;  24.14;  43.68;   496;   897;   320;    81;     0;     2;   -65;   -65;   7.8; drag-lps8-01; 2; 8; 125000; 3858
2022-10-05 10:44:12; hka-aqm-n311;  24.17;  43.94;   493;   890;   382;    97;     0;     1;   -63;   -63;   7.8; drag-lps8-01; 5; 8; 125000; 3859
2022-10-05 10:44:33; hka-aqm-n311;  24.13;  43.90;   491;   884;   182;    46;     1;     2;   -61;   -61;  11.0; drag-lps8-01; 6; 8; 125000; 3860
2022-10-05 10:44:54; hka-aqm-n311;  24.11;  43.81;   490;   944;   272;    70;     1;     2;   -63;   -63;  11.8; drag-lps8-01; 3; 8; 125000; 3861
2022-10-05 10:45:32; hka-aqm-n311;  24.12;  43.68;   493;   922;   197;    49;     1;     4;   -61;   -61;  10.5; drag-lps8-01; 0; 8; 125000; 3862
2022-10-05 11:00:39; hka-aqm-n311;  24.24;  44.07;   488;   908;   249;    66;     1;     5;   -61;   -61;  11.0; drag-lps8-01; 1; 8; 125000; 3863
2022-10-05 11:08:14; hka-aqm-n311;  24.33;  44.23;   493;   882;   360;    98;     1;     6;   -65;   -65;   7.2; drag-lps8-01; 5; 8; 125000; 3864
2022-10-05 11:08:52; hka-aqm-n311;  24.30;  44.16;   493;   882;   283;    75;     0;     4;   -63;   -63;  11.8; drag-lps8-01; 4; 8; 125000; 3865
2022-10-05 11:23:59; hka-aqm-n311;  24.50;  44.07;   481;   875;   368;   100;     1;     4;   -60;   -60;  10.0; drag-lps8-01; 6; 8; 125000; 3866
2022-10-05 11:39:05; hka-aqm-n311;  24.65;  44.23;   480;   930;   490;   126;     1;     4;   -63;   -63;  10.5; drag-lps8-01; 7; 8; 125000; 3867
2022-10-05 11:47:54; hka-aqm-n311;  24.87;  44.20;   474;   885;   824;   220;     1;     4;  -130;  -130; -10.5; drag-outd-01; 2; 8; 125000; 3868
2022-10-05 11:48:14; hka-aqm-n311;  24.84;  44.13;   474;   853;  1487;   398;     0;     0;   -63;   -63;  11.2; drag-lps8-01; 6; 8; 125000; 3869
2022-10-05 11:48:54; hka-aqm-n311;  24.83;  44.07;   479;   865;  4753;  1251;     0;     0;   -61;   -61;  10.2; drag-lps8-01; 0; 8; 125000; 3870
2022-10-05 11:49:14; hka-aqm-n311;  24.82;  44.13;   478;   868;  6749;  1766;     0;     0;  -128;  -128;  -9.5; drag-outd-01; 5; 8; 125000; 3871
2022-10-05 11:49:52; hka-aqm-n311;  24.88;  44.10;   480;   871;  8722;  2278;     0;     0;  -130;  -130; -10.5; drag-outd-01; 1; 8; 125000; 3872
2022-10-05 11:50:15; hka-aqm-n311;  24.98;  44.07;   479;   876; 11017;  2885;     1;     0;   -61;   -61;   9.5; drag-lps8-01; 3; 8; 125000; 3873
2022-10-05 11:50:33; hka-aqm-n311;  24.96;  44.13;   478;   872; 11238;  2942;     1;     0;  -130;  -130;  -9.8; drag-outd-01; 2; 8; 125000; 3874
2022-10-05 11:51:14; hka-aqm-n311;  24.95;  44.13;   475;   962; 10421;  2729;     0;     0;  -130;  -130;  -9.8; drag-outd-01; 7; 8; 125000; 3875
2022-10-05 11:51:33; hka-aqm-n311;  25.00;  44.13;   474;   956; 11228;  2947;     0;     0;   -63;   -63;  10.2; drag-lps8-01; 4; 8; 125000; 3876
2022-10-05 11:52:53; hka-aqm-n311;  25.01;  44.00;   475;   892; 11456;  3017;     0;     0;   -61;   -61;   8.8; drag-lps8-01; 7; 8; 125000; 3877
2022-10-05 11:54:33; hka-aqm-n311;  25.06;  43.94;   486;   878; 11539;  3035;     0;     0;   -61;   -61;   9.2; drag-lps8-01; 6; 8; 125000; 3878
2022-10-05 11:55:32; hka-aqm-n311;  25.19;  43.81;   485;   877; 11596;  3041;     1;     0;  -127;  -127;  -8.8; drag-outd-01; 4; 8; 125000; 3879
2022-10-05 11:56:52; hka-aqm-n311;  25.22;  43.81;   478;   871; 11673;  3060;     1;     0;   -61;   -61;   7.8; drag-lps8-01; 2; 8; 125000; 3880
2022-10-05 11:59:54; hka-aqm-n311;  25.47;  43.29;   480;   878; 11678;  3055;     1;     0;   -61;   -61;  11.2; drag-lps8-01; 1; 8; 125000; 3881
2022-10-05 12:01:33; hka-aqm-n311;  25.68;  42.83;   478;   917; 11789;  3079;     0;     0;   -65;   -65;  11.5; drag-lps8-01; 0; 8; 125000; 3882
2022-10-05 12:03:53; hka-aqm-n311;  26.44;  41.00;   480;   867; 11723;  3060;     0;     0;   -63;   -63;  11.5; drag-lps8-01; 3; 8; 125000; 3883
2022-10-05 12:06:14; hka-aqm-n311;  27.46;  39.62;   484;   892; 11769;  3070;     1;     0;   -65;   -65;   7.5; drag-lps8-01; 5; 8; 125000; 3884
2022-10-05 12:06:54; hka-aqm-n311;  27.72;  38.51;   479;   842; 11869;  3095;     0;     0;   -64;   -64;  10.8; drag-lps8-01; 0; 8; 125000; 3885
2022-10-05 12:13:34; hka-aqm-n311;  29.66;  35.52;   475;   925; 11978;  3105;     1;     0;   -61;   -61;  10.5; drag-lps8-01; 6; 8; 125000; 3886
2022-10-05 12:22:54; hka-aqm-n311;  31.09;  32.78;   477;  1007; 11868;  3050;     1;     0;   -61;   -61;   9.8; drag-lps8-01; 1; 8; 125000; 3887
2022-10-05 12:24:54; hka-aqm-n311;  31.29;  32.08;   474;   955; 11648;  2983;     1;     0;   -63;   -63;   8.2; drag-lps8-01; 2; 8; 125000; 3888
2022-10-05 12:25:32; hka-aqm-n311;  31.37;  31.91;   478;   957; 10853;  2770;     1;     0;   -63;   -63;   9.0; drag-lps8-01; 7; 8; 125000; 3889
2022-10-05 12:26:12; hka-aqm-n311;  31.43;  32.05;   481;   959;  7735;  1961;     0;     0;   -63;   -63;  10.8; drag-lps8-01; 3; 8; 125000; 3890
2022-10-05 12:26:32; hka-aqm-n311;  31.41;  31.91;   479;   955;  5952;  1507;     1;     0;  -128;  -128;  -8.5; drag-outd-01; 4; 8; 125000; 3891
2022-10-05 12:26:52; hka-aqm-n311;  31.38;  31.71;   478;   950;  4010;  1016;     1;     0;  -130;  -130; -11.0; drag-outd-01; 5; 8; 125000; 3892
2022-10-05 12:27:12; hka-aqm-n311;  31.45;  31.84;   477;   947;  2548;   651;     0;     0;   -65;   -65;  11.0; drag-lps8-01; 0; 8; 125000; 3893
2022-10-05 12:27:33; hka-aqm-n311;  31.52;  31.51;   477;   946;  1078;   288;     0;     0;   -61;   -61;   8.2; drag-lps8-01; 2; 8; 125000; 3894
2022-10-05 12:27:55; hka-aqm-n311;  31.45;  31.61;   476;   943;   931;   249;     0;     0;  -128;  -128;  -7.5; drag-outd-01; 4; 8; 125000; 3895
2022-10-05 12:29:13; hka-aqm-n311;  31.56;  31.31;   473;   981;  1072;   267;     0;     0;  -127;  -127;  -7.0; drag-outd-01; 3; 8; 125000; 3896
2022-10-05 12:29:35; hka-aqm-n311;  31.53;  31.47;   472;   971;  1208;   299;     0;     0;   -61;   -61;  11.2; drag-lps8-01; 1; 8; 125000; 3897
2022-10-05 12:30:14; hka-aqm-n311;  31.54;  31.34;   475;   942;  1525;   376;     1;     0;   -61;   -61;   7.2; drag-lps8-01; 5; 8; 125000; 3898
2022-10-05 12:30:55; hka-aqm-n311;  31.56;  31.44;   477;   946;  1897;   477;     0;     0;   -64;   -64;  11.8; drag-lps8-01; 7; 8; 125000; 3899
2022-10-05 12:31:13; hka-aqm-n311;  31.51;  31.27;   475;   926;  2027;   511;     0;     0;  -130;  -130; -10.2; drag-outd-01; 6; 8; 125000; 3900
2022-10-05 12:31:35; hka-aqm-n311;  31.54;  31.17;   474;   935;  2170;   551;     1;     0;  -128;  -128;  -8.2; drag-outd-01; 4; 8; 125000; 3901
2022-10-05 12:31:53; hka-aqm-n311;  31.58;  31.24;   474;   919;  2297;   587;     1;     0;   -61;   -61;   7.5; drag-lps8-01; 2; 8; 125000; 3902
2022-10-05 12:32:32; hka-aqm-n311;  31.59;  31.14;   478;   929;  2444;   627;     1;     0;   -66;   -66;   9.0; drag-lps8-01; 7; 8; 125000; 3903
2022-10-05 12:32:52; hka-aqm-n311;  31.52;  30.97;   476;   914;  2557;   660;     0;     0;   -64;   -64;  10.5; drag-lps8-01; 0; 8; 125000; 3904
2022-10-05 12:33:14; hka-aqm-n311;  31.53;  31.10;   475;   906;  2731;   711;     0;     0;   -63;   -63;  11.8; drag-lps8-01; 1; 8; 125000; 3905
2022-10-05 12:34:32; hka-aqm-n311;  31.42;  31.24;   475;   934;  2637;   690;     0;     0;  -128;  -128;  -8.5; drag-outd-01; 3; 8; 125000; 3906
2022-10-05 12:34:52; hka-aqm-n311;  31.44;  31.44;   473;   918;  2516;   656;     0;     0;   -61;   -61;   7.2; drag-lps8-01; 5; 8; 125000; 3907
2022-10-05 12:35:14; hka-aqm-n311;  31.56;  31.31;   472;   907;  2164;   559;     1;     0;   -61;   -61;  10.8; drag-lps8-01; 6; 8; 125000; 3908
2022-10-05 12:35:34; hka-aqm-n311;  31.50;  31.07;   471;   898;  1967;   504;     1;     0;  -129;  -129; -11.2; drag-outd-01; 5; 8; 125000; 3909
2022-10-05 12:35:54; hka-aqm-n311;  31.51;  31.17;   471;   896;  1798;   455;     0;     0;   -63;   -63;  10.8; drag-lps8-01; 1; 8; 125000; 3910
2022-10-05 12:36:14; hka-aqm-n311;  31.51;  31.37;   471;   890;  1655;   415;     0;     0;   -61;   -61;   9.5; drag-lps8-01; 4; 8; 125000; 3911
2022-10-05 12:36:33; hka-aqm-n311;  31.59;  31.31;   471;   887;  1516;   376;     0;     0;   -63;   -63;   9.5; drag-lps8-01; 0; 8; 125000; 3912
2022-10-05 12:36:53; hka-aqm-n311;  31.52;  31.04;   471;   887;  1402;   344;     1;     0;   -60;   -60;  10.2; drag-lps8-01; 3; 8; 125000; 3913
2022-10-05 12:37:14; hka-aqm-n311;  31.51;  31.10;   472;   908;  1316;   322;     1;     0;   -60;   -60;  10.0; drag-lps8-01; 6; 8; 125000; 3914
2022-10-05 12:37:54; hka-aqm-n311;  31.46;  31.10;   475;   895;  1195;   289;     2;     0;   -63;   -63;   8.8; drag-lps8-01; 7; 8; 125000; 3915
2022-10-05 12:53:00; hka-aqm-n311;  29.29;  34.99;   472;   859;   756;   197;     2;     0;  -129;  -129; -10.0; drag-outd-01; 2; 8; 125000; 3916
2022-10-05 12:55:13; hka-aqm-n311;  28.88;  35.72;   473;   821;   832;   216;     2;     0;   -63;   -63;  11.2; drag-lps8-01; 4; 8; 125000; 3917
2022-10-05 12:55:52; hka-aqm-n311;  28.80;  35.79;   477;   821;   978;   257;     1;     0;   -61;   -61;   8.5; drag-lps8-01; 2; 8; 125000; 3918
2022-10-05 12:56:13; hka-aqm-n311;  28.72;  36.19;   475;   817;  2645;   684;     0;     0;   -61;   -61;   9.2; drag-lps8-01; 3; 8; 125000; 3919
2022-10-05 12:56:34; hka-aqm-n311;  28.74;  36.19;   472;   814;  4452;  1136;     0;     0;   -61;   -61;   8.2; drag-lps8-01; 5; 8; 125000; 3920
2022-10-05 12:56:53; hka-aqm-n311;  28.75;  36.19;   470;   812;  6481;  1640;     0;     0;   -63;   -63;  12.0; drag-lps8-01; 1; 8; 125000; 3921
2022-10-05 12:57:13; hka-aqm-n311;  28.69;  36.39;   470;   810;  8395;  2115;     0;     0;   -64;   -64;  10.5; drag-lps8-01; 0; 8; 125000; 3922
2022-10-05 12:57:34; hka-aqm-n311;  28.62;  36.45;   470;   810; 10047;  2530;     0;     0;   -64;   -64;  11.5; drag-lps8-01; 7; 8; 125000; 3923
2022-10-05 12:57:55; hka-aqm-n311;  28.63;  36.55;   470;   811; 10990;  2768;     0;     0;  -130;  -130;  -9.8; drag-outd-01; 6; 8; 125000; 3924
2022-10-05 12:58:32; hka-aqm-n311;  28.47;  36.59;   474;   813; 11252;  2836;     0;     0;   -64;   -64;  11.0; drag-lps8-01; 7; 8; 125000; 3925
2022-10-05 13:01:14; hka-aqm-n311;  28.20;  37.12;   475;   806; 11126;  2791;     1;     0;   -63;   -63;   7.2; drag-lps8-01; 2; 8; 125000; 3926
2022-10-05 13:01:33; hka-aqm-n311;  28.23;  37.18;   473;   803; 11035;  2767;     0;     0;   -64;   -64;  10.2; drag-lps8-01; 0; 8; 125000; 3927
2022-10-05 13:01:54; hka-aqm-n311;  28.21;  37.22;   471;   815; 10874;  2724;     0;     0;   -60;   -60;   8.0; drag-lps8-01; 5; 8; 125000; 3928
2022-10-05 13:02:35; hka-aqm-n311;  28.20;  37.32;   470;   798; 10747;  2690;     0;     0;   -63;   -63;   9.8; drag-lps8-01; 3; 8; 125000; 3929
2022-10-05 13:03:53; hka-aqm-n311;  28.18;  37.48;   469;   802; 10850;  2710;     1;     0;   -63;   -63;  10.5; drag-lps8-01; 1; 8; 125000; 3930
2022-10-05 13:04:52; hka-aqm-n311;  28.14;  37.48;   472;   796; 10939;  2733;     1;     0;   -61;   -61;   9.8; drag-lps8-01; 6; 8; 125000; 3931
2022-10-05 13:05:14; hka-aqm-n311;  28.16;  37.58;   470;   796; 11054;  2758;     0;     0;  -128;  -128;  -7.8; drag-outd-01; 4; 8; 125000; 3932
2022-10-05 13:05:35; hka-aqm-n311;  28.06;  37.51;   469;   796; 11169;  2787;     0;     0;   -63;   -63;   7.2; drag-lps8-01; 5; 8; 125000; 3933
2022-10-05 13:06:15; hka-aqm-n311;  28.24;  37.45;   472;   796; 11234;  2801;     0;     0;   -63;   -63;  11.5; drag-lps8-01; 3; 8; 125000; 3934
2022-10-05 13:06:55; hka-aqm-n311;  28.19;  37.45;   467;   802; 11192;  2792;     0;     0;  -131;  -131; -11.8; drag-outd-01; 6; 8; 125000; 3935
2022-10-05 13:08:12; hka-aqm-n311;  28.30;  37.51;   471;   802; 11210;  2791;     1;     0;   -64;   -64;  11.0; drag-lps8-01; 0; 8; 125000; 3936
2022-10-05 13:08:32; hka-aqm-n311;  28.27;  37.38;   470;   800; 11431;  2849;     0;     0;   -63;   -63;  11.5; drag-lps8-01; 1; 8; 125000; 3937
2022-10-05 13:10:53; hka-aqm-n311;  28.71;  36.79;   468;   792;  9620;  2396;     0;     0;  -126;  -126;  -7.5; drag-outd-01; 4; 8; 125000; 3938
2022-10-05 13:11:13; hka-aqm-n311;  28.76;  36.72;   468;   793;  9510;  2373;     0;     0;   -63;   -63;   9.2; drag-lps8-01; 7; 8; 125000; 3939
2022-10-05 13:11:33; hka-aqm-n311;  28.82;  36.72;   468;   793;  9604;  2393;     0;     0;   -61;   -61;   7.8; drag-lps8-01; 2; 8; 125000; 3940
2022-10-05 13:11:55; hka-aqm-n311;  28.94;  36.69;   468;   796;  9881;  2453;     0;     0;   -63;   -63;   9.2; drag-lps8-01; 0; 8; 125000; 3941
2022-10-05 13:12:13; hka-aqm-n311;  28.97;  36.45;   468;   760; 10501;  2605;     0;     0;   -61;   -61;   7.8; drag-lps8-01; 5; 8; 125000; 3942
2022-10-05 13:12:33; hka-aqm-n311;  29.04;  36.32;   468;   778; 10847;  2692;     0;     0;  -128;  -128;  -7.8; drag-outd-01; 3; 8; 125000; 3943
2022-10-05 13:12:54; hka-aqm-n311;  28.97;  36.25;   468;   860;  9126;  2256;     0;     0;   -63;   -63;  10.8; drag-lps8-01; 1; 8; 125000; 3944
2022-10-05 13:13:32; hka-aqm-n311;  29.06;  36.45;   472;   837;  7476;  1863;     1;     0;   -64;   -64;   9.0; drag-lps8-01; 7; 8; 125000; 3945
2022-10-05 13:14:15; hka-aqm-n311;  29.36;  36.06;   474;   826;  6698;  1668;     1;     0;  -130;  -130; -11.2; drag-outd-01; 2; 8; 125000; 3946
2022-10-05 13:14:34; hka-aqm-n311;  29.36;  36.02;   472;   819;  7219;  1785;     0;     0;   -61;   -61;  11.2; drag-lps8-01; 6; 8; 125000; 3947
2022-10-05 13:14:53; hka-aqm-n311;  29.41;  35.66;   470;   815;  7447;  1833;     0;     0;   -63;   -63;  10.2; drag-lps8-01; 4; 8; 125000; 3948
2022-10-05 13:15:13; hka-aqm-n311;  29.50;  35.66;   469;   811;  7681;  1892;     0;     0;   -63;   -63;   8.8; drag-lps8-01; 0; 8; 125000; 3949
2022-10-05 13:15:52; hka-aqm-n311;  29.60;  35.46;   472;   808;  7564;  1872;     1;     0;  -129;  -129;  -8.8; drag-outd-01; 4; 8; 125000; 3950
2022-10-05 13:16:34; hka-aqm-n311;  29.59;  35.26;   469;   801;  8629;  2137;     1;     0;   -63;   -63;  12.0; drag-lps8-01; 1; 8; 125000; 3951
2022-10-05 13:16:55; hka-aqm-n311;  29.69;  35.19;   468;   800;  9756;  2415;     1;     0;   -63;   -63;   7.5; drag-lps8-01; 2; 8; 125000; 3952
2022-10-05 13:17:15; hka-aqm-n311;  29.78;  35.19;   467;   801; 11004;  2733;     1;     0;   -63;   -63;  11.0; drag-lps8-01; 6; 8; 125000; 3953
2022-10-05 13:17:33; hka-aqm-n311;  29.77;  35.06;   466;   799; 10797;  2677;     0;     0;   -63;   -63;  10.2; drag-lps8-01; 3; 8; 125000; 3954
2022-10-05 13:17:54; hka-aqm-n311;  29.83;  34.99;   465;   800; 10097;  2498;     0;     0;   -63;   -63;   7.8; drag-lps8-01; 5; 8; 125000; 3955
2022-10-05 13:18:14; hka-aqm-n311;  29.85;  34.89;   465;   799;  9689;  2398;     0;     0;   -64;   -64;  10.0; drag-lps8-01; 7; 8; 125000; 3956
2022-10-05 13:18:35; hka-aqm-n311;  29.94;  34.79;   466;   797;  9427;  2331;     1;     0;  -131;  -131; -11.0; drag-outd-01; 0; 8; 125000; 3957
2022-10-05 13:18:53; hka-aqm-n311;  29.99;  34.79;   466;   779;  8545;  2115;     1;     0;   -63;   -63;  10.5; drag-lps8-01; 6; 8; 125000; 3958
2022-10-05 13:19:13; hka-aqm-n311;  29.98;  34.72;   466;   760;  7688;  1901;     0;     0;   -63;   -63;   8.8; drag-lps8-01; 2; 8; 125000; 3959
2022-10-05 13:19:35; hka-aqm-n311;  30.01;  34.72;   466;   777;  6453;  1597;     1;     0;   -61;   -61;  11.2; drag-lps8-01; 3; 8; 125000; 3960
2022-10-05 13:20:12; hka-aqm-n311;  30.03;  34.59;   470;   857;  5059;  1251;     1;     0;   -61;   -61;   7.8; drag-lps8-01; 5; 8; 125000; 3961
2022-10-05 13:20:52; hka-aqm-n311;  30.08;  34.46;   473;   855;  2228;   558;     0;     0;   -64;   -64;   9.5; drag-lps8-01; 7; 8; 125000; 3962
2022-10-05 13:21:14; hka-aqm-n311;  30.16;  34.32;   471;   837;  2170;   542;     0;     0;   -61;   -61;  10.0; drag-lps8-01; 1; 8; 125000; 3963
2022-10-05 13:21:35; hka-aqm-n311;  30.12;  34.26;   470;   823;  2554;   630;     0;     0;  -126;  -126;  -6.5; drag-outd-01; 4; 8; 125000; 3964
2022-10-05 13:21:54; hka-aqm-n311;  30.14;  34.26;   469;   810;  2641;   644;     0;     0;   -61;   -61;   6.5; drag-lps8-01; 5; 8; 125000; 3965
2022-10-05 13:22:13; hka-aqm-n311;  30.05;  34.32;   467;   802;  2708;   662;     0;     0;   -63;   -63;   9.8; drag-lps8-01; 7; 8; 125000; 3966
2022-10-05 13:22:55; hka-aqm-n311;  30.01;  34.12;   465;   797;  2533;   622;     0;     0;   -61;   -61;  10.8; drag-lps8-01; 4; 8; 125000; 3967
2022-10-05 13:23:14; hka-aqm-n311;  30.06;  34.22;   465;   792;  2636;   646;     0;     0;  -128;  -128;  -6.8; drag-outd-01; 3; 8; 125000; 3968
2022-10-05 13:23:54; hka-aqm-n311;  30.01;  34.46;   465;   786;  2793;   687;     0;     0;   -63;   -63;  11.8; drag-lps8-01; 6; 8; 125000; 3969
2022-10-05 13:24:14; hka-aqm-n311;  29.91;  34.49;   465;   782;  4015;   990;     0;     0;   -63;   -63;   7.8; drag-lps8-01; 2; 8; 125000; 3970
2022-10-05 13:24:35; hka-aqm-n311;  29.97;  34.52;   465;   780;  4298;  1060;     0;     0;   -62;   -62;  10.2; drag-lps8-01; 0; 8; 125000; 3971
2022-10-05 13:24:54; hka-aqm-n311;  29.90;  34.46;   465;   779;  5493;  1358;     1;     0;   -61;   -61;  11.5; drag-lps8-01; 1; 8; 125000; 3972
2022-10-05 13:25:14; hka-aqm-n311;  29.90;  34.52;   465;   778;  7638;  1889;     1;     0;   -63;   -63;   8.8; drag-lps8-01; 7; 8; 125000; 3973
2022-10-05 13:25:34; hka-aqm-n311;  29.85;  34.52;   465;   774;  8522;  2109;     0;     0;   -63;   -63;  11.8; drag-lps8-01; 4; 8; 125000; 3974
2022-10-05 13:25:54; hka-aqm-n311;  29.91;  34.56;   465;   774;  9330;  2308;     0;     0;   -61;   -61;   9.2; drag-lps8-01; 6; 8; 125000; 3975
2022-10-05 13:26:32; hka-aqm-n311;  29.85;  34.56;   469;   775;  8111;  2009;     0;     0;   -69;   -69;   8.0; drag-lps8-01; 2; 8; 125000; 3976
2022-10-05 13:26:52; hka-aqm-n311;  29.82;  34.62;   466;   770;  9506;  2349;     0;     0;  -127;  -127;  -6.8; drag-outd-01; 3; 8; 125000; 3977
2022-10-05 13:27:32; hka-aqm-n311;  29.84;  34.76;   469;   768; 10783;  2666;     1;     0;   -61;   -61;  10.8; drag-lps8-01; 1; 8; 125000; 3978
2022-10-05 13:27:54; hka-aqm-n311;  29.90;  35.06;   466;   769; 10073;  2481;     0;     0;  -130;  -130; -11.2; drag-outd-01; 5; 8; 125000; 3979
2022-10-05 13:28:14; hka-aqm-n311;  29.92;  35.12;   464;   770;  9315;  2298;     0;     0;   -63;   -63;  10.5; drag-lps8-01; 0; 8; 125000; 3980
2022-10-05 13:28:35; hka-aqm-n311;  29.98;  35.06;   464;   771;  8532;  2110;     0;     0;   -61;   -61;   7.0; drag-lps8-01; 5; 8; 125000; 3981
2022-10-05 13:28:53; hka-aqm-n311;  29.94;  34.92;   463;   771;  8427;  2083;     0;     0;   -61;   -61;  11.0; drag-lps8-01; 3; 8; 125000; 3982
2022-10-05 13:29:13; hka-aqm-n311;  30.03;  34.99;   462;   769;  7765;  1917;     0;     0;   -61;   -61;  10.5; drag-lps8-01; 4; 8; 125000; 3983
2022-10-05 13:30:32; hka-aqm-n311;  30.14;  34.76;   470;   771;  8609;  2123;     1;     0;  -130;  -130; -11.0; drag-outd-01; 6; 8; 125000; 3984
2022-10-05 13:30:52; hka-aqm-n311;  30.16;  34.86;   467;   770;  8904;  2192;     0;     0;   -63;   -63;   8.8; drag-lps8-01; 7; 8; 125000; 3985
2022-10-05 13:31:14; hka-aqm-n311;  30.20;  34.59;   465;   771; 10582;  2603;     0;     0;   -63;   -63;   9.8; drag-lps8-01; 1; 8; 125000; 3986
2022-10-05 13:31:34; hka-aqm-n311;  30.30;  34.52;   464;   772; 10639;  2617;     0;     0;   -63;   -63;   9.5; drag-lps8-01; 0; 8; 125000; 3987
2022-10-05 13:31:54; hka-aqm-n311;  30.37;  34.46;   463;   772; 10419;  2559;     0;     0;  -131;  -131; -11.2; drag-outd-01; 2; 8; 125000; 3988
2022-10-05 13:32:15; hka-aqm-n311;  30.31;  34.39;   462;   775;  7612;  1865;     0;     0;   -63;   -63;  12.5; drag-lps8-01; 4; 8; 125000; 3989
2022-10-05 13:32:52; hka-aqm-n311;  30.30;  34.39;   466;   778;  7760;  1898;     1;     0;   -63;   -63;  10.8; drag-lps8-01; 1; 8; 125000; 3990
2022-10-05 13:33:12; hka-aqm-n311;  30.36;  34.36;   464;   776;  5203;  1281;     0;     0;   -61;   -61;   7.8; drag-lps8-01; 5; 8; 125000; 3991
2022-10-05 13:33:53; hka-aqm-n311;  30.42;  34.19;   466;   775;  2169;   532;     0;     0;   -64;   -64;  10.2; drag-lps8-01; 7; 8; 125000; 3992
2022-10-05 13:34:13; hka-aqm-n311;  30.44;  34.16;   463;   773;  1776;   435;     0;     0;   -65;   -65;  10.2; drag-lps8-01; 0; 8; 125000; 3993
2022-10-05 13:34:34; hka-aqm-n311;  30.47;  34.06;   461;   802;  1948;   480;     0;     0;  -131;  -131; -11.2; drag-outd-01; 2; 8; 125000; 3994
2022-10-05 13:34:54; hka-aqm-n311;  30.40;  34.06;   460;   794;  3558;   881;     0;     0;  -130;  -130;  -9.0; drag-outd-01; 3; 8; 125000; 3995
2022-10-05 13:35:15; hka-aqm-n311;  30.36;  34.12;   459;   791;  3653;   905;     0;     0;   -61;   -61;   9.8; drag-lps8-01; 6; 8; 125000; 3996
2022-10-05 13:35:34; hka-aqm-n311;  30.34;  34.12;   460;   782;  3000;   743;     0;     0;   -61;   -61;   7.2; drag-lps8-01; 2; 8; 125000; 3997
2022-10-05 13:35:53; hka-aqm-n311;  30.24;  34.22;   460;   773;  6447;  1582;     0;     0;   -63;   -63;   9.5; drag-lps8-01; 7; 8; 125000; 3998
2022-10-05 13:36:14; hka-aqm-n311;  30.20;  34.32;   460;   764;  8735;  2143;     0;     0;   -65;   -65;  11.8; drag-lps8-01; 0; 8; 125000; 3999
2022-10-05 13:36:53; hka-aqm-n311;  30.20;  34.42;   463;   760;  8054;  1963;     1;     0;  -128;  -128;  -9.5; drag-outd-01; 5; 8; 125000; 4000
2022-10-05 13:37:14; hka-aqm-n311;  30.10;  34.52;   461;   760;  6871;  1674;     1;     0;   -61;   -61;   9.5; drag-lps8-01; 3; 8; 125000; 4001
2022-10-05 13:37:53; hka-aqm-n311;  30.12;  34.69;   459;   758;  4176;  1017;     1;     0;  -127;  -127;  -8.8; drag-outd-01; 4; 8; 125000; 4003
2022-10-05 13:38:14; hka-aqm-n311;  30.20;  34.59;   459;   763;  3001;   735;     1;     0;   -61;   -61;   9.0; drag-lps8-01; 1; 8; 125000; 4004
2022-10-05 13:38:33; hka-aqm-n311;  30.10;  34.66;   459;   764;  1751;   431;     1;     0;  -128;  -128;  -8.2; drag-outd-01; 4; 8; 125000; 4005
2022-10-05 13:38:55; hka-aqm-n311;  29.98;  34.79;   459;   765;  1060;   264;     1;     0;   -61;   -61;   6.8; drag-lps8-01; 5; 8; 125000; 4006
2022-10-05 13:39:14; hka-aqm-n311;  29.91;  34.89;   459;   762;   881;   221;     1;     0;   -61;   -61;   9.0; drag-lps8-01; 1; 8; 125000; 4007
2022-10-05 13:39:33; hka-aqm-n311;  29.95;  34.92;   459;   759;  1375;   344;     1;     0;   -64;   -64;  10.2; drag-lps8-01; 0; 8; 125000; 4008
2022-10-05 13:39:54; hka-aqm-n311;  29.91;  34.89;   459;   761;  2163;   537;     1;     0;   -64;   -64;  11.0; drag-lps8-01; 7; 8; 125000; 4009
2022-10-05 13:40:32; hka-aqm-n311;  29.91;  34.86;   463;   761;  2765;   683;     0;     0;   -61;   -61;   9.8; drag-lps8-01; 6; 8; 125000; 4010
2022-10-05 13:40:52; hka-aqm-n311;  29.89;  34.92;   460;   721;  3185;   782;     0;     0;   -63;   -63;  11.5; drag-lps8-01; 3; 8; 125000; 4011
2022-10-05 13:41:14; hka-aqm-n311;  29.81;  35.12;   459;   734;  3593;   878;     0;     0;   -63;   -63;   8.0; drag-lps8-01; 2; 8; 125000; 4012
2022-10-05 13:41:53; hka-aqm-n311;  29.79;  35.26;   463;   764;  2997;   734;     0;     0;   -65;   -65;  10.8; drag-lps8-01; 0; 8; 125000; 4013
2022-10-05 13:42:13; hka-aqm-n311;  29.70;  35.29;   461;   760;  2404;   590;     0;     0;   -61;   -61;   9.8; drag-lps8-01; 1; 8; 125000; 4014
2022-10-05 13:42:33; hka-aqm-n311;  29.74;  35.46;   460;   759;  2558;   629;     1;     0;   -63;   -63;   6.2; drag-lps8-01; 5; 8; 125000; 4015
2022-10-05 13:42:53; hka-aqm-n311;  29.68;  35.46;   459;   759;  2012;   496;     1;     0;   -63;   -63;  11.8; drag-lps8-01; 6; 8; 125000; 4016
2022-10-05 13:43:13; hka-aqm-n311;  29.63;  35.69;   459;   756;  1693;   416;     0;     0;   -61;   -61;   7.5; drag-lps8-01; 2; 8; 125000; 4017
2022-10-05 13:43:35; hka-aqm-n311;  29.54;  35.89;   459;   756;  1397;   342;     1;     0;  -126;  -126;  -8.5; drag-outd-01; 4; 8; 125000; 4018
2022-10-05 13:43:55; hka-aqm-n311;  29.54;  35.82;   458;   756;   793;   196;     1;     0;   -62;   -62;   9.2; drag-lps8-01; 7; 8; 125000; 4019
2022-10-05 13:44:14; hka-aqm-n311;  29.53;  35.89;   458;   752;   735;   182;     1;     0;   -63;   -63;  10.0; drag-lps8-01; 3; 8; 125000; 4020
2022-10-05 13:44:35; hka-aqm-n311;  29.42;  35.92;   458;   750;   377;    94;     1;     0;   -63;   -63;   8.0; drag-lps8-01; 2; 8; 125000; 4021
2022-10-05 13:45:55; hka-aqm-n311;  29.41;  35.99;   456;   756;   512;   128;     0;     0;   -65;   -65;  10.8; drag-lps8-01; 0; 8; 125000; 4022
2022-10-05 13:46:15; hka-aqm-n311;  29.36;  35.99;   456;   753;   811;   199;     0;     0;   -63;   -63;   8.8; drag-lps8-01; 7; 8; 125000; 4023
2022-10-05 13:46:33; hka-aqm-n311;  29.35;  36.12;   457;   751;   912;   220;     0;     0;   -63;   -63;   9.5; drag-lps8-01; 1; 8; 125000; 4024
2022-10-05 13:46:54; hka-aqm-n311;  29.34;  36.06;   457;   750;   992;   240;     0;     0;  -131;  -131;  -9.8; drag-outd-01; 3; 8; 125000; 4025
2022-10-05 13:47:52; hka-aqm-n311;  29.23;  36.39;   461;   775;   873;   210;     1;     0;   -63;   -63;   7.5; drag-lps8-01; 5; 8; 125000; 4026
2022-10-05 13:48:14; hka-aqm-n311;  29.14;  36.69;   460;   767;   418;   104;     0;     0;   -63;   -63;  12.0; drag-lps8-01; 6; 8; 125000; 4027
2022-10-05 13:49:34; hka-aqm-n311;  28.94;  37.08;   463;   754;  1248;   302;     1;     0;   -61;   -61;   9.5; drag-lps8-01; 4; 8; 125000; 4028
2022-10-05 13:49:55; hka-aqm-n311;  28.91;  37.32;   461;   749;  1382;   331;     1;     0;   -63;   -63;  11.5; drag-lps8-01; 7; 8; 125000; 4029
2022-10-05 13:50:33; hka-aqm-n311;  28.80;  37.25;   459;   743;  1298;   310;     1;     0;   -61;   -61;   7.0; drag-lps8-01; 5; 8; 125000; 4030
2022-10-05 13:50:53; hka-aqm-n311;  28.83;  37.32;   460;   743;  1142;   277;     1;     0;   -61;   -61;   9.0; drag-lps8-01; 3; 8; 125000; 4031
2022-10-05 13:51:14; hka-aqm-n311;  28.78;  37.45;   460;   719;   579;   142;     1;     0;   -61;   -61;   8.5; drag-lps8-01; 4; 8; 125000; 4032
2022-10-05 13:52:12; hka-aqm-n311;  28.70;  37.78;   467;   786;   268;    67;     1;     0;   -61;   -61;  10.2; drag-lps8-01; 6; 8; 125000; 4033
2022-10-05 14:07:19; hka-aqm-n311;  27.53;  40.61;   462;   722;   257;    63;     2;     2;   -61;   -61;   8.5; drag-lps8-01; 2; 8; 125000; 4034
2022-10-05 14:22:25; hka-aqm-n311;  26.93;  42.41;   465;   714;   205;    48;     2;     2;   -62;   -62;   9.0; drag-lps8-01; 0; 8; 125000; 4035
2022-10-05 14:37:31; hka-aqm-n311;  26.47;  43.81;   460;   680;   183;    43;     2;     0;   -61;   -61;   8.8; drag-lps8-01; 1; 8; 125000; 4036
2022-10-05 14:52:37; hka-aqm-n311;  26.34;  43.58;   451;   729;   237;    58;     2;     2;   -63;   -63;  11.5; drag-lps8-01; 6; 8; 125000; 4037
2022-10-05 15:07:44; hka-aqm-n311;  26.27;  44.23;   447;   795;   326;    87;     2;     2;   -64;   -64;  11.2; drag-lps8-01; 7; 8; 125000; 4038
2022-10-05 15:22:50; hka-aqm-n311;  26.14;  44.33;   447;  1032;   246;    65;     2;     2;   -63;   -63;  11.0; drag-lps8-01; 1; 8; 125000; 4039
2022-10-05 15:37:56; hka-aqm-n311;  26.12;  44.59;   448;   697;   223;    60;     2;     2;   -62;   -62;   9.0; drag-lps8-01; 0; 8; 125000; 4040
2022-10-05 15:53:03; hka-aqm-n311;  25.92;  45.59;   455;   637;   125;    29;     2;     2;   -63;   -63;  11.0; drag-lps8-01; 4; 8; 125000; 4041
2022-10-05 16:08:09; hka-aqm-n311;  25.81;  45.49;   444;   574;   140;    33;     2;     2;   -63;   -63;   6.8; drag-lps8-01; 5; 8; 125000; 4042
2022-10-05 16:15:12; hka-aqm-n311;  25.74;  45.75;   449;   566;   261;    62;     2;     2;   -61;   -61;   7.5; drag-lps8-01; 2; 8; 125000; 4043
2022-10-05 16:30:18; hka-aqm-n311;  25.56;  46.46;   448;   600;   104;    24;     1;     0;   -63;   -63;  10.8; drag-lps8-01; 3; 8; 125000; 4044
2022-10-05 16:43:35; hka-aqm-n311;  25.54;  46.81;   453;   662;   228;    54;     1;     0;  -128;  -128;  -9.0; drag-outd-01; 4; 8; 125000; 4045
2022-10-05 16:45:14; hka-aqm-n311;  25.49;  46.46;   444;   679;   185;    45;     1;     0;   -63;   -63;   8.0; drag-lps8-01; 5; 8; 125000; 4046
2022-10-05 16:46:34; hka-aqm-n311;  25.49;  46.59;   444;   682;   266;    62;     0;     0;   -63;   -63;   9.0; drag-lps8-01; 7; 8; 125000; 4047
2022-10-05 16:47:13; hka-aqm-n311;  25.48;  46.59;   444;   684;   218;    51;     0;     0;   -61;   -61;   7.8; drag-lps8-01; 2; 8; 125000; 4048
2022-10-05 16:48:34; hka-aqm-n311;  25.48;  46.46;   445;   686;    87;    19;     0;     0;   -63;   -63;  11.0; drag-lps8-01; 1; 8; 125000; 4049
2022-10-05 17:03:40; hka-aqm-n311;  25.32;  46.10;   445;   782;    87;    22;     1;     0;   -66;   -66;  12.0; drag-lps8-01; 3; 8; 125000; 4050
2022-10-05 17:10:32; hka-aqm-n311;  25.40;  45.26;   446;   725;   254;    65;     1;     0;   -64;   -64;  10.5; drag-lps8-01; 0; 8; 125000; 4051
2022-10-05 17:14:52; hka-aqm-n311;  25.42;  44.88;   449;   678;   312;    83;     1;     0;  -125;  -125;  -7.2; drag-outd-01; 6; 8; 125000; 4052
2022-10-05 17:15:33; hka-aqm-n311;  25.39;  44.81;   447;   674;   346;    91;     1;     0;   -61;   -61;  10.8; drag-lps8-01; 1; 8; 125000; 4053
2022-10-05 17:16:34; hka-aqm-n311;  25.42;  44.78;   447;   666;   184;    53;     1;     0;   -66;   -66;  11.2; drag-lps8-01; 3; 8; 125000; 4054
2022-10-05 17:17:14; hka-aqm-n311;  25.40;  44.84;   445;   664;   259;    71;     0;     0;   -63;   -63;   8.8; drag-lps8-01; 2; 8; 125000; 4055
2022-10-05 17:17:53; hka-aqm-n311;  25.36;  44.78;   444;   659;   142;    42;     1;     0;   -63;   -63;   8.2; drag-lps8-01; 5; 8; 125000; 4056
2022-10-05 17:32:59; hka-aqm-n311;  25.38;  44.13;   444;   577;   106;    34;     1;     0;  -129;  -129;  -9.8; drag-outd-01; 4; 8; 125000; 4057
2022-10-05 17:48:06; hka-aqm-n311;  25.25;  44.23;   455;   627;    58;    14;     2;     0;   -65;   -65;  11.0; drag-lps8-01; 0; 8; 125000; 4058
2022-10-05 18:03:13; hka-aqm-n311;  25.14;  44.59;   444;   596;    49;    11;     2;     0;   -64;   -64;  10.2; drag-lps8-01; 7; 8; 125000; 4059
2022-10-05 18:18:20; hka-aqm-n311;  25.06;  44.07;   445;   611;    37;     7;     2;     0;  -127;  -127;  -8.2; drag-outd-01; 6; 8; 125000; 4060
2022-10-05 18:33:26; hka-aqm-n311;  25.02;  43.81;   446;   613;    25;     4;     2;     0;  -128;  -128;  -9.0; drag-outd-01; 4; 8; 125000; 4061
2022-10-05 18:48:34; hka-aqm-n311;  24.98;  44.78;   456;   747;    19;     5;     2;     0;   -63;   -63;   7.5; drag-lps8-01; 2; 8; 125000; 4062
2022-10-05 19:03:40; hka-aqm-n311;  24.92;  45.10;   453;   767;    12;     1;     2;     0;   -65;   -65;  11.0; drag-lps8-01; 3; 8; 125000; 4063
2022-10-05 19:18:46; hka-aqm-n311;  24.86;  45.43;   454;   766;     9;     1;     2;     0;   -64;   -64;  11.2; drag-lps8-01; 0; 8; 125000; 4064
2022-10-05 19:33:55; hka-aqm-n311;  24.84;  45.75;   465;   769;     9;     1;     2;     0;   -63;   -63;   9.5; drag-lps8-01; 7; 8; 125000; 4065
2022-10-05 19:49:01; hka-aqm-n311;  24.79;  46.10;   463;   821;     9;     1;     2;     0;   -63;   -63;   7.0; drag-lps8-01; 5; 8; 125000; 4066
2022-10-05 20:04:07; hka-aqm-n311;  24.72;  46.39;   467;   818;    11;     2;     2;     0;   -61;   -61;  11.0; drag-lps8-01; 1; 8; 125000; 4067
2022-10-05 20:19:14; hka-aqm-n311;  24.74;  46.52;   480;   801;     9;     1;     2;     0;   -61;   -61;  10.0; drag-lps8-01; 6; 8; 125000; 4068
2022-10-05 20:34:21; hka-aqm-n311;  24.72;  46.91;   477;   791;     9;     1;     2;     0;   -63;   -63;  11.0; drag-lps8-01; 4; 8; 125000; 4069
2022-10-05 20:49:27; hka-aqm-n311;  24.67;  47.17;   489;   819;    12;     3;     2;     0;   -63;   -63;  11.2; drag-lps8-01; 3; 8; 125000; 4070
2022-10-05 21:04:34; hka-aqm-n311;  24.64;  47.04;   496;   831;     9;     1;     2;     0;   -60;   -60;  10.8; drag-lps8-01; 6; 8; 125000; 4071
2022-10-05 21:19:41; hka-aqm-n311;  24.57;  46.68;   495;   888;     9;     1;     2;     0;   -61;   -61;   7.0; drag-lps8-01; 5; 8; 125000; 4072
2022-10-05 21:34:47; hka-aqm-n311;  24.57;  46.17;   487;   832;    12;     3;     2;     0;   -63;   -63;  10.8; drag-lps8-01; 7; 8; 125000; 4073
2022-10-05 21:49:54; hka-aqm-n311;  24.51;  46.27;   496;   827;    12;     3;     2;     0;   -64;   -64;  11.5; drag-lps8-01; 0; 8; 125000; 4074
2022-10-05 22:05:00; hka-aqm-n311;  24.51;  45.98;   498;   813;     9;     1;     2;     0;   -61;   -61;  11.2; drag-lps8-01; 1; 8; 125000; 4075
2022-10-05 22:20:07; hka-aqm-n311;  24.49;  45.94;   504;   841;    12;     3;     2;     0;   -63;   -63;   8.2; drag-lps8-01; 2; 8; 125000; 4076
2022-10-05 22:35:14; hka-aqm-n311;  24.47;  45.88;   506;   938;     9;     1;     2;     0;   -63;   -63;  10.2; drag-lps8-01; 1; 8; 125000; 4077
2022-10-05 22:50:20; hka-aqm-n311;  24.50;  45.75;   510;   822;     9;     1;     2;     0;   -61;   -61;  10.2; drag-lps8-01; 4; 8; 125000; 4078
2022-10-05 23:05:26; hka-aqm-n311;  24.47;  45.78;   517;   794;     9;     1;     2;     0;   -61;   -61;  10.8; drag-lps8-01; 6; 8; 125000; 4079
2022-10-05 23:20:34; hka-aqm-n311;  24.49;  45.81;   512;   761;    11;     2;     2;     0;   -63;   -63;   7.0; drag-lps8-01; 5; 8; 125000; 4080
2022-10-05 23:35:41; hka-aqm-n311;  24.45;  45.91;   503;   730;    10;     2;     2;     0;   -62;   -62;  10.0; drag-lps8-01; 0; 8; 125000; 4081
2022-10-05 23:50:47; hka-aqm-n311;  24.45;  45.75;   490;   745;    10;     2;     2;     0;   -61;   -61;   7.5; drag-lps8-01; 2; 8; 125000; 4082
