# Logfile LoRaWAN TTN/TTS V3 logger version hka-log V 1.1
date_time;device_id;tmp;hum;CO2;VOC;vis;IR;WIFI;BLE;rssi;channel_rssi;snr;gateway;channel_index;spreading_factor;bandwidth;f_cnt
2022-10-05 00:13:37; hka-aqm-n204;  24.04;  38.80;   530;   612;     6;     1;     1;     0;   -60;   -60;   9.0; drag-lps8-01; 1; 7; 125000; 2942
2022-10-05 00:28:43; hka-aqm-n204;  24.01;  38.54;   532;   603;     7;     2;     1;     0;   -59;   -59;   7.0; drag-lps8-01; 2; 7; 125000; 2943
2022-10-05 00:43:51; hka-aqm-n204;  24.02;  38.31;   534;   602;     5;     0;     1;     0;   -61;   -61;   9.0; drag-lps8-01; 4; 7; 125000; 2944
2022-10-05 00:58:57; hka-aqm-n204;  24.01;  38.01;   544;   582;     7;     2;     1;     0;   -60;   -60;   8.5; drag-lps8-01; 7; 7; 125000; 2945
2022-10-05 01:14:10; hka-aqm-n204;  24.02;  37.84;   547;   578;     5;     0;     1;     0;   -63;   -63;   9.5; drag-lps8-01; 6; 7; 125000; 2947
2022-10-05 01:29:23; hka-aqm-n204;  24.02;  37.65;   544;   564;     5;     0;     0;     0;   -61;   -61;   9.2; drag-lps8-01; 4; 7; 125000; 2949
2022-10-05 01:44:31; hka-aqm-n204;  24.03;  37.58;   537;   567;     5;     0;     1;     0;   -59;   -59;   7.2; drag-lps8-01; 2; 7; 125000; 2950
2022-10-05 01:59:44; hka-aqm-n204;  24.02;  37.55;   542;   544;     5;     1;     1;     0;   -61;   -61;  10.0; drag-lps8-01; 7; 7; 125000; 2952
2022-10-05 02:14:51; hka-aqm-n204;  24.05;  37.35;   545;   590;     5;     0;     1;     0;   -58;   -58;   8.2; drag-lps8-01; 1; 7; 125000; 2953
2022-10-05 02:29:57; hka-aqm-n204;  24.01;  37.05;   541;   596;     6;     1;     1;     0;   -61;   -61;   8.5; drag-lps8-01; 3; 7; 125000; 2954
2022-10-05 02:45:03; hka-aqm-n204;  24.01;  36.79;   540;   616;     5;     0;     1;     0;   -58;   -58;   7.0; drag-lps8-01; 2; 7; 125000; 2955
2022-10-05 03:00:10; hka-aqm-n204;  23.99;  36.59;   545;   602;     5;     0;     1;     0;   -60;   -60;   9.8; drag-lps8-01; 0; 7; 125000; 2956
2022-10-05 03:15:16; hka-aqm-n204;  24.00;  36.45;   557;   573;     5;     0;     1;     0;   -58;   -58;   8.2; drag-lps8-01; 1; 7; 125000; 2957
2022-10-05 03:30:23; hka-aqm-n204;  24.00;  36.32;   543;   562;     5;     0;     1;     0;   -60;   -60;   8.5; drag-lps8-01; 3; 7; 125000; 2958
2022-10-05 03:45:31; hka-aqm-n204;  23.97;  36.25;   549;   588;     5;     0;     1;     0;   -60;   -60;   9.5; drag-lps8-01; 6; 7; 125000; 2959
2022-10-05 04:00:37; hka-aqm-n204;  23.93;  36.09;   550;   567;     5;     0;     1;     0;   -59;   -59;   6.5; drag-lps8-01; 5; 7; 125000; 2960
2022-10-05 04:15:43; hka-aqm-n204;  23.94;  35.86;   554;   552;     7;     2;     1;     0;   -60;   -60;   9.8; drag-lps8-01; 7; 7; 125000; 2961
2022-10-05 04:30:50; hka-aqm-n204;  23.91;  35.89;   561;   558;     5;     0;     1;     0;   -60;   -60;   9.5; drag-lps8-01; 4; 7; 125000; 2962
2022-10-05 04:45:57; hka-aqm-n204;  23.95;  35.69;   543;   570;     5;     0;     1;     0;   -57;   -57;   8.5; drag-lps8-01; 1; 7; 125000; 2963
2022-10-05 05:01:03; hka-aqm-n204;  23.95;  35.66;   552;   547;     5;     0;     1;     0;   -60;   -60;   9.5; drag-lps8-01; 6; 7; 125000; 2964
2022-10-05 05:16:10; hka-aqm-n204;  23.96;  35.99;   539;   574;     5;     0;     1;     0;   -60;   -60;   9.8; drag-lps8-01; 4; 7; 125000; 2965
2022-10-05 05:31:16; hka-aqm-n204;  24.00;  37.12;   538;   570;     7;     2;     1;     0;   -59;   -59;   6.8; drag-lps8-01; 5; 7; 125000; 2966
2022-10-05 05:46:23; hka-aqm-n204;  24.06;  39.13;   507;   646;     5;     0;     1;     0;   -59;   -59;   6.8; drag-lps8-01; 2; 7; 125000; 2967
2022-10-05 06:01:31; hka-aqm-n204;  24.05;  40.28;   484;   644;     5;     0;     1;     0;   -59;   -59;   8.2; drag-lps8-01; 0; 7; 125000; 2968
2022-10-05 06:16:37; hka-aqm-n204;  24.04;  40.15;   493;   663;     5;     0;     1;     0;   -60;   -60;   9.8; drag-lps8-01; 3; 7; 125000; 2969
2022-10-05 06:31:43; hka-aqm-n204;  24.05;  40.31;   483;   673;     5;     0;     1;     0;   -60;   -60;   9.0; drag-lps8-01; 7; 7; 125000; 2970
2022-10-05 06:46:50; hka-aqm-n204;  24.06;  40.18;   480;   692;     6;     1;     1;     0;   -58;   -58;   7.0; drag-lps8-01; 2; 7; 125000; 2971
2022-10-05 07:02:03; hka-aqm-n204;  24.06;  40.28;   483;   760;     5;     1;     1;     0;   -63;   -63;   9.8; drag-lps8-01; 3; 7; 125000; 2973
2022-10-05 07:17:09; hka-aqm-n204;  24.06;  40.28;   486;   701;     5;     0;     1;     0;   -61;   -61;   9.0; drag-lps8-01; 0; 7; 125000; 2974
2022-10-05 07:32:22; hka-aqm-n204;  24.03;  40.02;   491;   693;     6;     2;     1;     0;   -59;   -59;   7.0; drag-lps8-01; 5; 7; 125000; 2976
2022-10-05 07:47:30; hka-aqm-n204;  24.00;  39.62;   490;   695;     7;     1;     1;     0;   -60;   -60;   9.5; drag-lps8-01; 4; 7; 125000; 2977
2022-10-05 08:02:37; hka-aqm-n204;  23.99;  39.16;   499;   672;     8;     1;     1;     1;   -61;   -61;   9.5; drag-lps8-01; 7; 7; 125000; 2978
2022-10-05 08:17:43; hka-aqm-n204;  23.99;  39.07;   504;   662;    10;     2;     1;     1;   -60;   -60;   7.0; drag-lps8-01; 5; 7; 125000; 2979
2022-10-05 08:32:49; hka-aqm-n204;  23.96;  39.36;   518;   720;    11;     2;     1;     1;   -60;   -60;   8.8; drag-lps8-01; 4; 7; 125000; 2980
2022-10-05 08:48:02; hka-aqm-n204;  23.96;  39.69;   521;   750;    11;     2;     1;     1;   -58;   -58;   8.2; drag-lps8-01; 6; 7; 125000; 2982
2022-10-05 09:03:09; hka-aqm-n204;  24.00;  40.12;   523;   699;    13;     3;     1;     1;   -61;   -61;   9.0; drag-lps8-01; 0; 7; 125000; 2983
2022-10-05 09:18:15; hka-aqm-n204;  24.00;  40.84;   513;   723;    16;     4;     1;     1;   -61;   -61;   9.0; drag-lps8-01; 7; 7; 125000; 2984
2022-10-05 09:33:21; hka-aqm-n204;  23.99;  41.72;   512;   835;    19;     5;     1;     1;   -61;   -61;   9.5; drag-lps8-01; 3; 7; 125000; 2985
2022-10-05 09:48:29; hka-aqm-n204;  24.04;  42.11;   494;   794;    23;     6;     1;     1;   -57;   -57;   6.8; drag-lps8-01; 2; 7; 125000; 2986
2022-10-05 10:03:35; hka-aqm-n204;  24.05;  42.57;   486;   811;    25;     6;     1;     1;   -60;   -60;  10.5; drag-lps8-01; 1; 7; 125000; 2987
2022-10-05 10:04:30; hka-aqm-n204;  24.08;  42.44;   486;   813;   118;    30;     1;     1;   -58;   -58;   7.5; drag-lps8-01; 2; 7; 125000; 2988
2022-10-05 10:19:36; hka-aqm-n204;  24.12;  42.83;   491;   828;   199;    47;     1;     0;   -64;   -64;   9.2; drag-lps8-01; 4; 7; 125000; 2989
2022-10-05 10:21:30; hka-aqm-n204;  24.13;  42.80;   487;   819;   208;    49;     1;     0;   -65;   -65;   8.0; drag-lps8-01; 0; 7; 125000; 2990
2022-10-05 10:21:49; hka-aqm-n204;  24.17;  42.77;   485;   824;   397;   104;     0;     0;   -65;   -65;   9.2; drag-lps8-01; 3; 7; 125000; 2991
2022-10-05 10:22:30; hka-aqm-n204;  24.15;  42.86;   485;   818;   550;   143;     0;     0;   -63;   -63;   8.0; drag-lps8-01; 6; 7; 125000; 2992
2022-10-05 10:22:49; hka-aqm-n204;  24.13;  42.83;   484;   811;   369;    95;     0;     0;   -64;   -64;   7.8; drag-lps8-01; 5; 7; 125000; 2993
2022-10-05 10:23:49; hka-aqm-n204;  24.13;  42.83;   485;   808;   258;    63;     0;     0;   -66;   -66;   9.2; drag-lps8-01; 7; 7; 125000; 2994
2022-10-05 10:25:29; hka-aqm-n204;  24.14;  42.83;   488;   826;   291;    72;     0;     0;   -63;   -63;  10.0; drag-lps8-01; 4; 7; 125000; 2995
2022-10-05 10:40:29; hka-aqm-n204;  24.20;  43.29;   480;   827;   357;    89;     1;     4;   -64;   -64;  10.0; drag-lps8-01; 6; 7; 125000; 2997
2022-10-05 10:40:50; hka-aqm-n204;  24.17;  43.29;   480;   778;   591;   151;     1;     2;   -63;   -63;   8.5; drag-lps8-01; 1; 7; 125000; 2998
2022-10-05 10:41:09; hka-aqm-n204;  24.20;  43.32;   480;   800;   242;    58;     1;     2;   -64;   -64;   9.8; drag-lps8-01; 0; 7; 125000; 2999
2022-10-05 10:41:50; hka-aqm-n204;  24.20;  43.32;   480;   758;   596;   152;     0;     2;   -64;   -64;   8.5; drag-lps8-01; 3; 7; 125000; 3000
2022-10-05 10:42:09; hka-aqm-n204;  24.22;  43.32;   480;   781;   229;    56;     0;     3;   -63;   -63;   7.5; drag-lps8-01; 5; 7; 125000; 3001
2022-10-05 10:42:30; hka-aqm-n204;  24.22;  43.29;   480;   800;   644;   168;     0;     3;   -63;   -63;   8.0; drag-lps8-01; 7; 7; 125000; 3002
2022-10-05 10:42:49; hka-aqm-n204;  24.26;  43.35;   479;   807;   520;   133;     0;     2;   -66;   -66;   9.8; drag-lps8-01; 0; 7; 125000; 3003
2022-10-05 10:43:09; hka-aqm-n204;  24.22;  43.35;   479;   811;   421;   107;     0;     2;   -64;   -64;   8.0; drag-lps8-01; 5; 7; 125000; 3004
2022-10-05 10:43:48; hka-aqm-n204;  24.17;  43.35;   477;   820;   254;    63;     0;     2;   -64;   -64;   7.0; drag-lps8-01; 2; 7; 125000; 3005
2022-10-05 10:48:29; hka-aqm-n204;  24.21;  43.55;   475;   827;   325;    66;     1;     4;   -65;   -65;   9.5; drag-lps8-01; 3; 7; 125000; 3006
2022-10-05 11:03:35; hka-aqm-n204;  24.30;  43.74;   478;   828;   347;    69;     1;     5;   -63;   -63;   9.5; drag-lps8-01; 6; 7; 125000; 3007
2022-10-05 11:08:28; hka-aqm-n204;  24.28;  44.03;   471;   778;   459;   101;     1;     5;   -63;   -63;  10.0; drag-lps8-01; 1; 7; 125000; 3008
2022-10-05 11:12:09; hka-aqm-n204;  24.34;  43.97;   467;   792;   313;    86;     1;     4;   -65;   -65;   9.0; drag-lps8-01; 4; 7; 125000; 3009
2022-10-05 11:27:15; hka-aqm-n204;  24.30;  44.33;   465;   820;   482;   132;     1;     2;   -66;   -66;  10.2; drag-lps8-01; 7; 7; 125000; 3010
2022-10-05 11:38:07; hka-aqm-n204;  24.37;  44.42;   468;   813;   802;   214;     1;     2;   -62;   -62;   7.0; drag-lps8-01; 5; 7; 125000; 3011
2022-10-05 11:38:29; hka-aqm-n204;  24.40;  44.42;   466;   809;  1081;   289;     0;     0;   -65;   -65;   9.2; drag-lps8-01; 7; 7; 125000; 3012
2022-10-05 11:38:48; hka-aqm-n204;  24.40;  44.39;   464;   808;  2492;   676;     0;     0;   -63;   -63;   8.8; drag-lps8-01; 6; 7; 125000; 3013
2022-10-05 11:39:09; hka-aqm-n204;  24.40;  44.36;   462;   873;  5260;  1424;     0;     0;   -67;   -67;  10.0; drag-lps8-01; 3; 7; 125000; 3014
2022-10-05 11:39:29; hka-aqm-n204;  24.44;  44.39;   461;   849;  8602;  2324;     0;     0;   -64;   -64;   9.2; drag-lps8-01; 1; 7; 125000; 3015
2022-10-05 11:39:49; hka-aqm-n204;  24.41;  44.46;   460;   828; 10206;  2756;     0;     0;   -66;   -66;   9.5; drag-lps8-01; 0; 7; 125000; 3016
2022-10-05 11:40:27; hka-aqm-n204;  24.45;  44.49;   463;   811; 14045;  3801;     0;     0;   -65;   -65;   7.0; drag-lps8-01; 2; 7; 125000; 3018
2022-10-05 11:40:47; hka-aqm-n204;  24.47;  44.52;   461;   807; 19323;  5257;     0;     0;   -63;   -63;   7.2; drag-lps8-01; 5; 7; 125000; 3020
2022-10-05 11:41:09; hka-aqm-n204;  24.44;  44.55;   459;   851; 20787;  5696;     1;     0;   -63;   -63;   7.0; drag-lps8-01; 2; 7; 125000; 3021
2022-10-05 11:41:29; hka-aqm-n204;  24.46;  44.55;   458;   834; 20859;  5722;     1;     0;   -63;   -63;   9.0; drag-lps8-01; 1; 7; 125000; 3022
2022-10-05 11:42:07; hka-aqm-n204;  24.48;  44.52;   461;   827; 21118;  5790;     0;     0;   -57;   -57;  10.0; drag-lps8-01; 6; 7; 125000; 3023
2022-10-05 11:42:27; hka-aqm-n204;  24.44;  44.59;   459;   812; 21238;  5821;     0;     0;   -65;   -65;   9.0; drag-lps8-01; 3; 7; 125000; 3024
2022-10-05 11:42:47; hka-aqm-n204;  24.47;  44.55;   458;   821; 21494;  5891;     0;     0;   -63;   -63;   9.8; drag-lps8-01; 4; 7; 125000; 3025
2022-10-05 11:43:07; hka-aqm-n204;  24.48;  44.52;   458;   818; 21382;  5864;     0;     0;   -62;   -62;   8.8; drag-lps8-01; 0; 7; 125000; 3026
2022-10-05 11:43:27; hka-aqm-n204;  24.51;  44.59;   458;   816; 21459;  5886;     0;     0;   -63;   -63;   8.0; drag-lps8-01; 3; 7; 125000; 3027
2022-10-05 11:43:48; hka-aqm-n204;  24.49;  44.55;   458;   815; 21554;  5904;     0;     0;   -64;   -64;   7.2; drag-lps8-01; 5; 7; 125000; 3028
2022-10-05 11:44:08; hka-aqm-n204;  24.53;  44.59;   458;   821; 21363;  5843;     0;     0;   -63;   -63;   8.0; drag-lps8-01; 2; 7; 125000; 3029
2022-10-05 11:44:47; hka-aqm-n204;  24.52;  44.59;   462;   817; 21061;  5749;     0;     0;   -63;   -63;   8.8; drag-lps8-01; 1; 7; 125000; 3030
2022-10-05 11:45:28; hka-aqm-n204;  24.56;  44.59;   461;   811; 20947;  5712;     0;     0;   -61;   -61;   9.2; drag-lps8-01; 6; 7; 125000; 3031
2022-10-05 11:45:49; hka-aqm-n204;  24.62;  44.55;   461;   813; 21155;  5765;     1;     0;   -63;   -63;   8.8; drag-lps8-01; 0; 7; 125000; 3032
2022-10-05 11:46:09; hka-aqm-n204;  24.54;  44.55;   460;   827; 21073;  5738;     1;     0;   -62;   -62;   9.2; drag-lps8-01; 4; 7; 125000; 3033
2022-10-05 11:46:48; hka-aqm-n204;  24.66;  44.46;   459;   818; 20742;  5649;     0;     0;   -63;   -63;   8.8; drag-lps8-01; 7; 7; 125000; 3034
2022-10-05 11:47:10; hka-aqm-n204;  24.62;  44.39;   459;   833; 20569;  5616;     0;     0;   -63;   -63;   9.8; drag-lps8-01; 1; 7; 125000; 3035
2022-10-05 11:47:28; hka-aqm-n204;  24.65;  44.42;   460;   823; 20841;  5699;     0;     0;   -63;   -63;   9.5; drag-lps8-01; 7; 7; 125000; 3036
2022-10-05 11:47:50; hka-aqm-n204;  24.73;  44.39;   460;   823; 21160;  5798;     0;     0;   -61;   -61;   7.5; drag-lps8-01; 5; 7; 125000; 3037
2022-10-05 11:48:09; hka-aqm-n204;  24.78;  44.26;   460;   801; 21072;  5777;     0;     0;   -64;   -64;   9.8; drag-lps8-01; 6; 7; 125000; 3038
2022-10-05 11:48:29; hka-aqm-n204;  24.85;  44.10;   459;   810; 21161;  5798;     0;     0;   -64;   -64;   8.8; drag-lps8-01; 3; 7; 125000; 3039
2022-10-05 11:48:49; hka-aqm-n204;  25.04;  43.64;   460;   811; 21336;  5840;     0;     0;   -62;   -62;   7.5; drag-lps8-01; 2; 7; 125000; 3041
2022-10-05 11:49:28; hka-aqm-n204;  25.73;  42.34;   460;   806; 21296;  5820;     0;     0;   -65;   -65;  10.0; drag-lps8-01; 7; 7; 125000; 3043
2022-10-05 11:50:07; hka-aqm-n204;  26.12;  41.40;   464;   821; 21407;  5850;     0;     0;   -64;   -64;   9.0; drag-lps8-01; 4; 7; 125000; 3044
2022-10-05 11:50:29; hka-aqm-n204;  26.84;  39.79;   463;   818; 21715;  5937;     0;     0;   -64;   -64;   7.0; drag-lps8-01; 2; 7; 125000; 3045
2022-10-05 11:51:08; hka-aqm-n204;  27.36;  38.77;   463;   835; 20739;  5659;     0;     0;   -64;   -64;   9.8; drag-lps8-01; 1; 7; 125000; 3046
2022-10-05 11:51:30; hka-aqm-n204;  27.44;  38.51;   463;   830; 21504;  5868;     0;     0;   -65;   -65;   7.5; drag-lps8-01; 5; 7; 125000; 3047
2022-10-05 11:51:48; hka-aqm-n204;  27.68;  38.11;   463;   831; 21813;  5954;     0;     0;   -65;   -65;   9.0; drag-lps8-01; 0; 7; 125000; 3048
2022-10-05 11:52:27; hka-aqm-n204;  27.92;  37.68;   467;   830; 22068;  6021;     0;     0;   -65;   -65;   8.8; drag-lps8-01; 3; 7; 125000; 3049
2022-10-05 11:52:49; hka-aqm-n204;  28.18;  36.95;   466;   831; 22160;  6033;     0;     0;   -63;   -63;   9.0; drag-lps8-01; 6; 7; 125000; 3050
2022-10-05 11:53:29; hka-aqm-n204;  28.50;  36.39;   469;   825; 22081;  6022;     1;     0;   -64;   -64;   8.2; drag-lps8-01; 1; 7; 125000; 3051
2022-10-05 11:54:09; hka-aqm-n204;  28.83;  35.86;   466;   833; 21109;  5770;     1;     0;   -65;   -65;   9.0; drag-lps8-01; 7; 7; 125000; 3053
2022-10-05 11:54:47; hka-aqm-n204;  28.98;  35.62;   469;   833; 18676;  5099;     1;     0;   -65;   -65;   9.5; drag-lps8-01; 4; 7; 125000; 3055
2022-10-05 11:55:10; hka-aqm-n204;  29.17;  35.36;   466;   832; 11355;  3112;     0;     0;   -65;   -65;   9.5; drag-lps8-01; 3; 7; 125000; 3057
2022-10-05 11:55:29; hka-aqm-n204;  29.34;  35.12;   465;   831;  7482;  2065;     0;     0;   -64;   -64;  10.0; drag-lps8-01; 4; 7; 125000; 3058
2022-10-05 11:55:48; hka-aqm-n204;  29.36;  34.99;   465;   831;  4119;  1152;     0;     0;   -63;   -63;   7.5; drag-lps8-01; 2; 7; 125000; 3059
2022-10-05 11:56:15; hka-aqm-n204;  29.42;  34.82;   464;   832;  1976;   563;     0;     0;   -64;   -64;  10.0; drag-lps8-01; 7; 7; 125000; 3060
2022-10-05 11:56:29; hka-aqm-n204;  29.55;  34.59;   463;   816;  1266;   367;     0;     0;   -63;   -63;   7.2; drag-lps8-01; 5; 7; 125000; 3061
2022-10-05 11:56:49; hka-aqm-n204;  29.63;  34.52;   462;   823;  1186;   341;     0;     0;   -61;   -61;   8.8; drag-lps8-01; 1; 7; 125000; 3062
2022-10-05 11:59:29; hka-aqm-n204;  30.11;  33.55;   471;   936;   937;   250;     1;     0;   -62;   -62;   9.8; drag-lps8-01; 6; 7; 125000; 3064
2022-10-05 12:08:47; hka-aqm-n204;  30.05;  32.92;   471;   815;   942;   252;     0;     0;   -63;   -63;   9.2; drag-lps8-01; 4; 7; 125000; 3065
2022-10-05 12:09:10; hka-aqm-n204;  29.39;  34.06;   470;   830;   943;   252;     0;     0;   -61;   -61;   6.5; drag-lps8-01; 2; 7; 125000; 3066
2022-10-05 12:10:48; hka-aqm-n204;  28.40;  35.92;   469;   841;   960;   258;     1;     0;   -63;   -63;   8.5; drag-lps8-01; 0; 7; 125000; 3067
2022-10-05 12:20:28; hka-aqm-n204;  26.38;  40.68;   462;   834;  1630;   438;     1;     0;   -64;   -64;   8.5; drag-lps8-01; 7; 7; 125000; 3068
2022-10-05 12:20:49; hka-aqm-n204;  26.36;  40.81;   463;   826;  3806;  1044;     1;     0;   -65;   -65;   9.2; drag-lps8-01; 3; 7; 125000; 3069
2022-10-05 12:21:08; hka-aqm-n204;  26.32;  40.84;   463;   821;  7252;  1986;     0;     0;   -63;   -63;   9.2; drag-lps8-01; 1; 7; 125000; 3070
2022-10-05 12:21:28; hka-aqm-n204;  26.30;  40.94;   463;   843; 11674;  3184;     0;     0;   -65;   -65;   9.0; drag-lps8-01; 3; 7; 125000; 3071
2022-10-05 12:21:49; hka-aqm-n204;  26.28;  40.94;   463;   836; 16333;  4445;     0;     0;   -64;   -64;   9.8; drag-lps8-01; 7; 7; 125000; 3072
2022-10-05 12:22:09; hka-aqm-n204;  26.27;  40.94;   462;   832; 20026;  5455;     0;     0;   -63;   -63;   8.8; drag-lps8-01; 0; 7; 125000; 3073
2022-10-05 12:22:48; hka-aqm-n204;  26.20;  40.97;   465;   826; 23401;  6389;     0;     0;   -63;   -63;   9.2; drag-lps8-01; 4; 7; 125000; 3074
2022-10-05 12:23:09; hka-aqm-n204;  26.19;  41.04;   463;   834; 23631;  6456;     0;     0;   -61;   -61;   7.0; drag-lps8-01; 5; 7; 125000; 3075
2022-10-05 12:23:47; hka-aqm-n204;  26.13;  41.13;   465;   829; 23564;  6444;     0;     0;   -63;   -63;   7.2; drag-lps8-01; 2; 7; 125000; 3076
2022-10-05 12:24:29; hka-aqm-n204;  26.11;  41.30;   462;   811; 23334;  6403;     0;     0;   -64;   -64;  10.0; drag-lps8-01; 6; 7; 125000; 3077
2022-10-05 12:25:47; hka-aqm-n204;  26.01;  41.53;   467;   838; 23230;  6390;     0;     0;   -61;   -61;   8.8; drag-lps8-01; 1; 7; 125000; 3078
2022-10-05 12:26:48; hka-aqm-n204;  25.93;  41.46;   465;   813; 23297;  6396;     0;     0;   -64;   -64;   9.0; drag-lps8-01; 3; 7; 125000; 3079
2022-10-05 12:27:08; hka-aqm-n204;  25.96;  41.53;   464;   803; 23543;  6458;     0;     0;   -64;   -64;   7.8; drag-lps8-01; 5; 7; 125000; 3080
2022-10-05 12:27:30; hka-aqm-n204;  25.97;  41.53;   463;   807; 23726;  6498;     1;     0;   -65;   -65;   9.8; drag-lps8-01; 7; 7; 125000; 3081
2022-10-05 12:28:48; hka-aqm-n204;  25.95;  41.62;   466;   806; 23801;  6504;     1;     0;   -62;   -62;   9.0; drag-lps8-01; 4; 7; 125000; 3082
2022-10-05 12:29:29; hka-aqm-n204;  25.96;  41.53;   463;   811; 23643;  6466;     0;     0;   -61;   -61;   8.0; drag-lps8-01; 6; 7; 125000; 3083
2022-10-05 12:30:07; hka-aqm-n204;  25.95;  41.46;   466;   818; 23494;  6432;     0;     0;   -62;   -62;   6.8; drag-lps8-01; 2; 7; 125000; 3085
2022-10-05 12:30:47; hka-aqm-n204;  26.02;  41.46;   468;   815; 21986;  6028;     0;     0;   -62;   -62;   7.0; drag-lps8-01; 5; 7; 125000; 3086
2022-10-05 12:31:08; hka-aqm-n204;  26.22;  41.13;   466;   819; 16802;  4577;     0;     0;   -64;   -64;   9.0; drag-lps8-01; 7; 7; 125000; 3087
2022-10-05 12:31:28; hka-aqm-n204;  26.50;  40.68;   464;   816; 12760;  3464;     0;     0;   -65;   -65;   9.8; drag-lps8-01; 3; 7; 125000; 3089
2022-10-05 12:31:50; hka-aqm-n204;  26.90;  40.02;   462;   816;  8284;  2240;     0;     0;   -64;   -64;   9.0; drag-lps8-01; 0; 7; 125000; 3090
2022-10-05 12:32:29; hka-aqm-n204;  27.57;  38.60;   461;   826;  2804;   748;     0;     0;   -63;   -63;   9.5; drag-lps8-01; 6; 7; 125000; 3092
2022-10-05 12:32:49; hka-aqm-n204;  27.85;  37.98;   461;   823;  1706;   455;     0;     0;   -61;   -61;   7.0; drag-lps8-01; 2; 7; 125000; 3093
2022-10-05 12:33:08; hka-aqm-n204;  28.05;  37.48;   460;   824;  1400;   372;     0;     0;   -63;   -63;   9.5; drag-lps8-01; 4; 7; 125000; 3094
2022-10-05 12:35:08; hka-aqm-n204;  29.02;  35.76;   464;   821;  1332;   355;     1;     0;   -65;   -65;   9.0; drag-lps8-01; 3; 7; 125000; 3095
2022-10-05 12:50:15; hka-aqm-n204;  31.04;  32.08;   468;   852;  1351;   372;     1;     0;   -62;   -62;   7.8; drag-lps8-01; 1; 7; 125000; 3096
2022-10-05 12:51:49; hka-aqm-n204;  30.08;  33.52;   466;   850;  1332;   369;     1;     0;   -61;   -61;   7.5; drag-lps8-01; 2; 7; 125000; 3097
2022-10-05 12:54:28; hka-aqm-n204;  28.75;  36.06;   469;   847;  1251;   349;     1;     0;   -65;   -65;   9.8; drag-lps8-01; 0; 7; 125000; 3098
2022-10-05 12:55:48; hka-aqm-n204;  28.42;  36.79;   460;   848;  1436;   428;     0;     0;   -65;   -65;   9.5; drag-lps8-01; 7; 7; 125000; 3099
2022-10-05 12:59:28; hka-aqm-n204;  27.78;  38.34;   458;   913;  1470;   440;     1;     0;   -64;   -64;   9.2; drag-lps8-01; 6; 7; 125000; 3100
2022-10-05 12:59:49; hka-aqm-n204;  27.73;  38.37;   458;   881;  1417;   411;     1;     0;   -64;   -64;   8.0; drag-lps8-01; 5; 7; 125000; 3101
2022-10-05 13:14:56; hka-aqm-n204;  26.72;  40.61;   456;   827;   855;   223;     1;     0;   -64;   -64;   9.5; drag-lps8-01; 7; 7; 125000; 3102
2022-10-05 13:30:02; hka-aqm-n204;  26.29;  41.89;   451;   798;   575;   153;     1;     0;   -63;   -63;   9.2; drag-lps8-01; 4; 7; 125000; 3103
2022-10-05 13:39:48; hka-aqm-n204;  26.22;  42.64;   447;   799;   666;   177;     1;     0;   -64;   -64;   9.2; drag-lps8-01; 0; 7; 125000; 3104
2022-10-05 13:40:09; hka-aqm-n204;  26.17;  42.70;   447;   796;   888;   238;     0;     0;   -63;   -63;   9.2; drag-lps8-01; 1; 7; 125000; 3105
2022-10-05 13:40:47; hka-aqm-n204;  26.22;  42.83;   451;   799;  1650;   451;     0;     0;   -64;   -64;  10.0; drag-lps8-01; 6; 7; 125000; 3106
2022-10-05 13:41:09; hka-aqm-n204;  26.17;  42.83;   449;   793;  5068;  1384;     1;     0;   -64;   -64;   8.0; drag-lps8-01; 5; 7; 125000; 3107
2022-10-05 13:41:28; hka-aqm-n204;  26.22;  42.80;   448;   797;  7901;  2136;     1;     0;   -65;   -65;   9.0; drag-lps8-01; 3; 7; 125000; 3108
2022-10-05 13:41:49; hka-aqm-n204;  26.22;  42.90;   447;   747; 10537;  2821;     0;     0;   -62;   -62;   7.5; drag-lps8-01; 2; 7; 125000; 3109
2022-10-05 13:42:09; hka-aqm-n204;  26.23;  42.86;   447;   763; 11136;  2958;     0;     0;   -64;   -64;   8.2; drag-lps8-01; 4; 7; 125000; 3111
2022-10-05 13:42:30; hka-aqm-n204;  26.16;  42.93;   447;   777;  9598;  2541;     0;     0;   -63;   -63;   8.2; drag-lps8-01; 7; 7; 125000; 3113
2022-10-05 13:42:48; hka-aqm-n204;  26.20;  42.90;   447;   785;  7930;  2097;     0;     0;   -63;   -63;   9.5; drag-lps8-01; 1; 7; 125000; 3114
2022-10-05 13:43:08; hka-aqm-n204;  26.16;  43.16;   447;   795;  5576;  1482;     0;     0;   -66;   -66;   9.2; drag-lps8-01; 3; 7; 125000; 3115
2022-10-05 13:43:30; hka-aqm-n204;  26.19;  43.22;   447;   799;  4267;  1140;     0;     0;   -64;   -64;   7.2; drag-lps8-01; 2; 7; 125000; 3116
2022-10-05 13:43:49; hka-aqm-n204;  26.18;  43.12;   447;   797;  2191;   590;     0;     0;   -64;   -64;   9.0; drag-lps8-01; 6; 7; 125000; 3117
2022-10-05 13:44:09; hka-aqm-n204;  26.22;  43.09;   447;   793;  1332;   358;     0;     0;   -64;   -64;   9.5; drag-lps8-01; 4; 7; 125000; 3118
2022-10-05 13:44:30; hka-aqm-n204;  26.19;  43.09;   447;   794;  1721;   465;     0;     0;   -65;   -65;   9.2; drag-lps8-01; 7; 7; 125000; 3119
2022-10-05 13:45:07; hka-aqm-n204;  26.19;  43.16;   452;   796;  2509;   667;     0;     0;   -63;   -63;   8.8; drag-lps8-01; 6; 7; 125000; 3120
2022-10-05 13:45:28; hka-aqm-n204;  26.20;  43.16;   451;   804;  1192;   318;     0;     0;   -64;   -64;   9.0; drag-lps8-01; 0; 7; 125000; 3121
2022-10-05 13:45:49; hka-aqm-n204;  26.14;  43.12;   450;   805;  1034;   276;     0;     0;   -64;   -64;   7.8; drag-lps8-01; 2; 7; 125000; 3122
2022-10-05 13:46:08; hka-aqm-n204;  26.14;  43.16;   450;   752;   895;   239;     0;     0;   -64;   -64;   7.8; drag-lps8-01; 5; 7; 125000; 3123
2022-10-05 13:46:47; hka-aqm-n204;  26.13;  43.16;   454;   766;   783;   212;     1;     0;   -65;   -65;   9.0; drag-lps8-01; 3; 7; 125000; 3124
2022-10-05 13:47:09; hka-aqm-n204;  26.12;  43.16;   451;   795;   663;   174;     1;     0;   -64;   -64;   9.5; drag-lps8-01; 1; 7; 125000; 3125
2022-10-05 13:47:49; hka-aqm-n204;  26.08;  43.25;   448;   800;   559;   148;     1;     0;   -65;   -65;   9.2; drag-lps8-01; 7; 7; 125000; 3126
2022-10-05 13:48:08; hka-aqm-n204;  26.14;  43.22;   447;   804;   715;   189;     0;     0;   -64;   -64;   9.5; drag-lps8-01; 6; 7; 125000; 3127
2022-10-05 13:48:29; hka-aqm-n204;  26.17;  43.22;   447;   804;   607;   162;     0;     0;   -62;   -62;   7.2; drag-lps8-01; 5; 7; 125000; 3128
2022-10-05 13:48:48; hka-aqm-n204;  26.14;  43.22;   447;   804;   407;   112;     0;     0;   -65;   -65;   8.5; drag-lps8-01; 3; 7; 125000; 3129
2022-10-05 13:49:09; hka-aqm-n204;  26.10;  43.29;   447;   803;   355;    96;     0;     0;   -64;   -64;   9.2; drag-lps8-01; 0; 7; 125000; 3130
2022-10-05 13:51:08; hka-aqm-n204;  26.08;  43.29;   447;   810;   469;   123;     1;     0;   -63;   -63;   5.5; drag-lps8-01; 2; 7; 125000; 3131
2022-10-05 13:52:07; hka-aqm-n204;  26.16;  43.42;   451;   768;   337;    90;     0;     0;   -62;   -62;   8.8; drag-lps8-01; 4; 7; 125000; 3132
2022-10-05 14:06:47; hka-aqm-n204;  26.02;  44.13;   449;   857;   637;   170;     1;     0;   -65;   -65;   9.5; drag-lps8-01; 4; 7; 125000; 3134
2022-10-05 14:07:08; hka-aqm-n204;  26.01;  44.00;   448;   837;  2214;   582;     0;     0;   -63;   -63;   7.8; drag-lps8-01; 5; 7; 125000; 3136
2022-10-05 14:07:28; hka-aqm-n204;  25.98;  44.10;   447;   833;  3275;   858;     0;     0;   -61;   -61;   7.0; drag-lps8-01; 2; 7; 125000; 3137
2022-10-05 14:07:48; hka-aqm-n204;  25.96;  44.13;   447;   819;  4744;  1242;     0;     0;   -62;   -62;   8.5; drag-lps8-01; 6; 7; 125000; 3138
2022-10-05 14:08:08; hka-aqm-n204;  26.02;  44.10;   447;   813;  5724;  1493;     1;     0;   -64;   -64;   8.5; drag-lps8-01; 0; 7; 125000; 3139
2022-10-05 14:08:28; hka-aqm-n204;  26.01;  44.16;   447;   753;  5544;  1436;     1;     0;   -64;   -64;   9.2; drag-lps8-01; 7; 7; 125000; 3140
2022-10-05 14:08:50; hka-aqm-n204;  26.02;  44.16;   447;   774;  4476;  1152;     1;     0;   -66;   -66;   9.0; drag-lps8-01; 3; 7; 125000; 3141
2022-10-05 14:09:29; hka-aqm-n204;  26.04;  44.16;   451;   786;  3383;   871;     1;     0;   -62;   -62;   7.8; drag-lps8-01; 2; 7; 125000; 3142
2022-10-05 14:10:07; hka-aqm-n204;  26.04;  44.33;   453;   793;  3662;   939;     1;     0;   -64;   -64;  11.0; drag-lps8-01; 6; 7; 125000; 3143
2022-10-05 14:10:29; hka-aqm-n204;  25.97;  44.29;   451;   795;  4554;  1161;     1;     0;   -63;   -63;   9.5; drag-lps8-01; 1; 7; 125000; 3144
2022-10-05 14:10:48; hka-aqm-n204;  25.99;  44.26;   449;   781;  4421;  1130;     1;     0;   -66;   -66;   9.2; drag-lps8-01; 3; 7; 125000; 3145
2022-10-05 14:11:09; hka-aqm-n204;  25.90;  44.33;   448;   784;  3536;   911;     0;     0;   -63;   -63;   8.5; drag-lps8-01; 4; 7; 125000; 3146
2022-10-05 14:11:28; hka-aqm-n204;  25.91;  44.39;   448;   801;  2361;   615;     0;     0;   -64;   -64;   8.8; drag-lps8-01; 7; 7; 125000; 3147
2022-10-05 14:11:50; hka-aqm-n204;  25.94;  44.46;   447;   797;  1341;   352;     0;     0;   -64;   -64;   7.2; drag-lps8-01; 5; 7; 125000; 3148
2022-10-05 14:12:27; hka-aqm-n204;  26.00;  44.39;   451;   800;  1235;   321;     0;     0;   -65;   -65;   9.2; drag-lps8-01; 0; 7; 125000; 3149
2022-10-05 14:12:49; hka-aqm-n204;  25.96;  44.39;   450;   810;  1652;   423;     0;     0;   -64;   -64;   7.0; drag-lps8-01; 5; 7; 125000; 3150
2022-10-05 14:13:08; hka-aqm-n204;  25.95;  44.52;   450;   804;  1323;   342;     0;     0;   -65;   -65;  10.0; drag-lps8-01; 7; 7; 125000; 3151
2022-10-05 14:13:29; hka-aqm-n204;  25.93;  44.55;   449;   801;  1761;   456;     0;     0;   -64;   -64;   9.5; drag-lps8-01; 4; 7; 125000; 3152
2022-10-05 14:13:49; hka-aqm-n204;  25.91;  44.52;   449;   796;  3701;   961;     0;     0;   -61;   -61;   8.8; drag-lps8-01; 1; 7; 125000; 3153
2022-10-05 14:14:09; hka-aqm-n204;  25.97;  44.55;   450;   802;  6636;  1700;     0;     0;   -65;   -65;   9.2; drag-lps8-01; 0; 7; 125000; 3154
2022-10-05 14:14:47; hka-aqm-n204;  25.92;  44.59;   454;   801;  7199;  1828;     0;     0;   -63;   -63;   9.0; drag-lps8-01; 6; 7; 125000; 3155
2022-10-05 14:15:09; hka-aqm-n204;  25.93;  44.59;   452;   798;  7572;  1923;     0;     0;   -65;   -65;   8.2; drag-lps8-01; 3; 7; 125000; 3157
2022-10-05 14:15:28; hka-aqm-n204;  25.93;  44.59;   451;   796;  6073;  1580;     0;     0;   -63;   -63;   7.2; drag-lps8-01; 2; 7; 125000; 3159
2022-10-05 14:15:49; hka-aqm-n204;  25.92;  44.59;   449;   795;  5475;  1433;     1;     0;   -64;   -64;   9.2; drag-lps8-01; 4; 7; 125000; 3160
2022-10-05 14:16:10; hka-aqm-n204;  25.90;  44.71;   449;   807;  5668;  1462;     1;     0;   -61;   -61;   8.5; drag-lps8-01; 1; 7; 125000; 3161
2022-10-05 14:16:47; hka-aqm-n204;  25.95;  44.65;   453;   805;  7999;  2055;     0;     0;   -65;   -65;   8.8; drag-lps8-01; 3; 7; 125000; 3162
2022-10-05 14:17:27; hka-aqm-n204;  25.92;  44.78;   456;   863;  8778;  2240;     0;     0;   -65;   -65;   9.2; drag-lps8-01; 0; 7; 125000; 3163
2022-10-05 14:17:50; hka-aqm-n204;  25.98;  44.65;   454;   838;  4982;  1276;     0;     0;   -63;   -63;   6.8; drag-lps8-01; 5; 7; 125000; 3164
2022-10-05 14:18:27; hka-aqm-n204;  26.03;  44.65;   456;   822;  2885;   752;     0;     0;   -65;   -65;   9.5; drag-lps8-01; 7; 7; 125000; 3165
2022-10-05 14:19:07; hka-aqm-n204;  25.98;  44.59;   458;   813;  1143;   292;     0;     0;   -63;   -63;   8.0; drag-lps8-01; 0; 7; 125000; 3166
2022-10-05 14:19:27; hka-aqm-n204;  25.99;  44.68;   455;   766;  1291;   329;     0;     0;   -62;   -62;   7.2; drag-lps8-01; 2; 7; 125000; 3167
2022-10-05 14:19:47; hka-aqm-n204;  26.00;  44.65;   453;   780;  1540;   394;     0;     0;   -63;   -63;   9.8; drag-lps8-01; 1; 7; 125000; 3168
2022-10-05 14:20:07; hka-aqm-n204;  25.99;  44.71;   452;   787;  2068;   528;     0;     0;   -65;   -65;   9.0; drag-lps8-01; 3; 7; 125000; 3169
2022-10-05 14:20:27; hka-aqm-n204;  26.04;  44.52;   450;   790;  2172;   550;     0;     0;   -62;   -62;   9.2; drag-lps8-01; 4; 7; 125000; 3170
2022-10-05 14:20:50; hka-aqm-n204;  26.04;  44.59;   450;   796;  1634;   412;     0;     0;   -62;   -62;   8.5; drag-lps8-01; 6; 7; 125000; 3171
2022-10-05 14:21:28; hka-aqm-n204;  26.00;  44.55;   454;   785;   930;   237;     1;     0;   -64;   -64;   7.5; drag-lps8-01; 5; 7; 125000; 3172
2022-10-05 14:21:48; hka-aqm-n204;  26.08;  44.68;   452;   784;   580;   147;     1;     0;   -63;   -63;   8.2; drag-lps8-01; 7; 7; 125000; 3173
2022-10-05 14:22:09; hka-aqm-n204;  26.01;  44.52;   451;   788;   680;   173;     1;     0;   -57;   -57;   7.0; drag-lps8-01; 2; 7; 125000; 3174
2022-10-05 14:22:28; hka-aqm-n204;  26.02;  44.62;   449;   786;   475;   122;     0;     0;   -61;   -61;   8.0; drag-lps8-01; 1; 7; 125000; 3175
2022-10-05 14:24:29; hka-aqm-n204;  25.98;  44.75;   448;   793;   530;   137;     0;     0;   -64;   -64;   8.2; drag-lps8-01; 7; 7; 125000; 3176
2022-10-05 14:24:50; hka-aqm-n204;  25.99;  44.75;   447;   795;   629;   163;     0;     0;   -64;   -64;   9.2; drag-lps8-01; 4; 7; 125000; 3177
2022-10-05 14:25:09; hka-aqm-n204;  25.97;  44.78;   447;   795;   820;   211;     0;     0;   -64;   -64;   7.0; drag-lps8-01; 5; 7; 125000; 3178
2022-10-05 14:25:29; hka-aqm-n204;  26.01;  44.78;   447;   793;  1432;   366;     0;     0;   -67;   -67;   9.0; drag-lps8-01; 3; 7; 125000; 3180
2022-10-05 14:26:29; hka-aqm-n204;  25.95;  44.88;   451;   790;  3065;   768;     0;     0;   -65;   -65;   8.8; drag-lps8-01; 3; 7; 125000; 3183
2022-10-05 14:27:08; hka-aqm-n204;  26.02;  44.91;   448;   806;  2988;   760;     0;     0;   -65;   -65;   9.8; drag-lps8-01; 7; 7; 125000; 3184
2022-10-05 14:27:28; hka-aqm-n204;  25.97;  44.78;   447;   805;  2576;   664;     0;     0;   -64;   -64;   6.5; drag-lps8-01; 5; 7; 125000; 3185
2022-10-05 14:28:07; hka-aqm-n204;  25.99;  44.91;   451;   804;  1745;   455;     0;     0;   -63;   -63;   9.0; drag-lps8-01; 1; 7; 125000; 3186
2022-10-05 14:28:27; hka-aqm-n204;  26.05;  44.78;   449;   796;  1464;   380;     0;     0;   -63;   -63;   9.8; drag-lps8-01; 6; 7; 125000; 3187
2022-10-05 14:29:07; hka-aqm-n204;  25.99;  44.97;   452;   802;   389;   101;     1;     0;   -63;   -63;   8.0; drag-lps8-01; 0; 7; 125000; 3188
2022-10-05 14:29:27; hka-aqm-n204;  25.98;  44.97;   450;   804;   325;    84;     0;     0;   -63;   -63;   7.5; drag-lps8-01; 2; 7; 125000; 3189
2022-10-05 14:29:49; hka-aqm-n204;  25.96;  44.94;   449;   804;   978;   259;     0;     0;   -65;   -65;   9.8; drag-lps8-01; 0; 7; 125000; 3190
2022-10-05 14:30:29; hka-aqm-n204;  25.93;  44.97;   452;   802;  1698;   439;     0;     0;   -66;   -66;   9.0; drag-lps8-01; 3; 7; 125000; 3191
2022-10-05 14:31:08; hka-aqm-n204;  25.97;  45.01;   454;   806;  1374;   357;     0;     0;   -62;   -62;   9.2; drag-lps8-01; 4; 7; 125000; 3192
2022-10-05 14:31:47; hka-aqm-n204;  25.98;  44.91;   455;   809;  1817;   467;     0;     0;   -64;   -64;   7.2; drag-lps8-01; 5; 7; 125000; 3193
2022-10-05 14:32:08; hka-aqm-n204;  25.95;  45.04;   452;   805;  3149;   785;     0;     0;   -63;   -63;   9.2; drag-lps8-01; 6; 7; 125000; 3194
2022-10-05 14:32:30; hka-aqm-n204;  25.93;  45.01;   450;   799;  3288;   817;     0;     0;   -61;   -61;   7.0; drag-lps8-01; 2; 7; 125000; 3195
2022-10-05 14:32:49; hka-aqm-n204;  25.94;  44.97;   449;   794;  3363;   837;     0;     0;   -63;   -63;   9.2; drag-lps8-01; 1; 7; 125000; 3196
2022-10-05 14:33:08; hka-aqm-n204;  25.95;  45.17;   449;   799;  2499;   631;     0;     0;   -63;   -63;   9.0; drag-lps8-01; 7; 7; 125000; 3197
2022-10-05 14:33:29; hka-aqm-n204;  25.88;  45.04;   449;   792;  1928;   491;     1;     0;   -65;   -65;   9.2; drag-lps8-01; 0; 7; 125000; 3198
2022-10-05 14:33:49; hka-aqm-n204;  25.92;  45.04;   448;   796;  1128;   285;     1;     0;   -62;   -62;   7.0; drag-lps8-01; 2; 7; 125000; 3199
2022-10-05 14:34:27; hka-aqm-n204;  25.87;  45.10;   452;   798;   949;   238;     1;     0;   -61;   -61;   8.5; drag-lps8-01; 1; 7; 125000; 3200
2022-10-05 14:34:49; hka-aqm-n204;  25.87;  45.20;   451;   801;   644;   162;     0;     0;   -65;   -65;   9.0; drag-lps8-01; 3; 7; 125000; 3201
2022-10-05 14:35:30; hka-aqm-n204;  25.84;  45.17;   450;   796;   558;   142;     0;     0;   -64;   -64;   9.0; drag-lps8-01; 6; 7; 125000; 3203
2022-10-05 14:36:29; hka-aqm-n204;  25.89;  45.23;   451;   801;   664;   166;     1;     0;   -64;   -64;   9.5; drag-lps8-01; 7; 7; 125000; 3205
2022-10-05 14:36:50; hka-aqm-n204;  25.87;  45.17;   448;   799;   557;   142;     0;     0;   -62;   -62;   8.5; drag-lps8-01; 4; 7; 125000; 3206
2022-10-05 14:37:28; hka-aqm-n204;  25.94;  45.17;   446;   791;   517;   132;     0;     0;   -63;   -63;   9.2; drag-lps8-01; 1; 7; 125000; 3208
2022-10-05 14:38:27; hka-aqm-n204;  25.86;  45.23;   448;   793;  1010;   248;     0;     0;   -62;   -62;   7.5; drag-lps8-01; 2; 7; 125000; 3209
2022-10-05 14:38:48; hka-aqm-n204;  25.82;  45.20;   446;   788;   536;   130;     0;     0;   -63;   -63;   7.8; drag-lps8-01; 5; 7; 125000; 3210
2022-10-05 14:39:49; hka-aqm-n204;  25.87;  45.30;   446;   781;   292;    72;     0;     0;   -63;   -63;   9.0; drag-lps8-01; 6; 7; 125000; 3211
2022-10-05 14:54:55; hka-aqm-n204;  26.16;  44.20;   439;   864;   265;    66;     1;     0;   -65;   -65;   9.5; drag-lps8-01; 0; 7; 125000; 3212
2022-10-05 15:07:49; hka-aqm-n204;  25.95;  44.97;   442;   961;   794;   208;     1;     0;   -65;   -65;  10.0; drag-lps8-01; 7; 7; 125000; 3213
2022-10-05 15:08:27; hka-aqm-n204;  25.85;  45.04;   444;   961;   890;   230;     1;     0;   -63;   -63;   7.8; drag-lps8-01; 2; 7; 125000; 3214
2022-10-05 15:08:47; hka-aqm-n204;  25.90;  45.01;   442;   960;   710;   187;     1;     0;   -64;   -64;   8.8; drag-lps8-01; 7; 7; 125000; 3215
2022-10-05 15:09:08; hka-aqm-n204;  25.86;  45.07;   440;   958;   583;   156;     1;     0;   -65;   -65;   9.2; drag-lps8-01; 0; 7; 125000; 3216
2022-10-05 15:09:49; hka-aqm-n204;  25.82;  45.14;   438;   951;   436;   119;     1;     0;   -64;   -64;   8.5; drag-lps8-01; 3; 7; 125000; 3217
2022-10-05 15:24:55; hka-aqm-n204;  25.80;  45.04;   438;  1130;   287;    82;     1;     0;   -62;   -62;   9.0; drag-lps8-01; 1; 7; 125000; 3218
2022-10-05 15:40:02; hka-aqm-n204;  25.75;  45.62;   432;   830;   200;    56;     1;     0;   -62;   -62;   8.2; drag-lps8-01; 6; 7; 125000; 3219
2022-10-05 15:55:10; hka-aqm-n204;  25.42;  46.68;   435;   746;   161;    44;     1;     0;   -61;   -61;   7.0; drag-lps8-01; 5; 7; 125000; 3220
2022-10-05 16:10:16; hka-aqm-n204;  25.27;  46.94;   437;   677;   150;    38;     1;     0;   -64;   -64;   9.2; drag-lps8-01; 4; 7; 125000; 3221
2022-10-05 16:25:22; hka-aqm-n204;  25.12;  47.23;   433;   666;   135;    35;     1;     0;   -64;   -64;   9.5; drag-lps8-01; 1; 7; 125000; 3222
2022-10-05 16:40:29; hka-aqm-n204;  25.00;  47.78;   436;   659;   100;    27;     1;     0;   -62;   -62;   7.5; drag-lps8-01; 2; 7; 125000; 3223
2022-10-05 16:55:36; hka-aqm-n204;  25.00;  47.58;   438;   829;    77;    19;     1;     0;   -65;   -65;   9.0; drag-lps8-01; 7; 7; 125000; 3224
2022-10-05 17:10:42; hka-aqm-n204;  24.89;  46.52;   434;   781;    74;    20;     1;     0;   -63;   -63;   7.2; drag-lps8-01; 5; 7; 125000; 3225
2022-10-05 17:25:50; hka-aqm-n204;  24.81;  45.62;   435;   631;   109;    36;     1;     0;   -64;   -64;   9.5; drag-lps8-01; 0; 7; 125000; 3226
2022-10-05 17:41:03; hka-aqm-n204;  24.80;  45.43;   432;   597;    90;    32;     1;     0;   -65;   -65;   8.2; drag-lps8-01; 4; 7; 125000; 3228
2022-10-05 17:56:10; hka-aqm-n204;  24.76;  45.49;   433;   595;    45;    10;     1;     0;   -63;   -63;   8.5; drag-lps8-01; 6; 7; 125000; 3229
2022-10-05 18:11:23; hka-aqm-n204;  24.73;  45.56;   437;   613;    40;    10;     1;     0;   -66;   -66;   9.8; drag-lps8-01; 3; 7; 125000; 3231
2022-10-05 18:26:29; hka-aqm-n204;  24.66;  44.97;   432;   598;    27;     6;     1;     0;   -65;   -65;  10.0; drag-lps8-01; 0; 7; 125000; 3232
2022-10-05 18:41:35; hka-aqm-n204;  24.62;  45.88;   439;   589;    18;     5;     1;     0;   -64;   -64;   7.2; drag-lps8-01; 5; 7; 125000; 3233
2022-10-05 18:56:41; hka-aqm-n204;  24.58;  46.17;   446;   725;     9;     1;     1;     0;   -64;   -64;   9.0; drag-lps8-01; 4; 7; 125000; 3234
2022-10-05 19:11:49; hka-aqm-n204;  24.59;  46.46;   453;   714;     6;     1;     1;     0;   -64;   -64;  10.2; drag-lps8-01; 1; 7; 125000; 3235
2022-10-05 19:26:56; hka-aqm-n204;  24.55;  46.65;   444;   741;     5;     1;     1;     0;   -64;   -64;   9.2; drag-lps8-01; 7; 7; 125000; 3236
2022-10-05 19:42:02; hka-aqm-n204;  24.51;  47.04;   453;   724;     5;     0;     1;     0;   -62;   -62;   8.8; drag-lps8-01; 6; 7; 125000; 3237
2022-10-05 19:57:10; hka-aqm-n204;  24.43;  47.55;   459;   741;     7;     2;     1;     0;   -65;   -65;   9.8; drag-lps8-01; 3; 7; 125000; 3238
2022-10-05 20:12:16; hka-aqm-n204;  24.48;  47.49;   467;   666;     7;     2;     1;     0;   -63;   -63;   8.8; drag-lps8-01; 1; 7; 125000; 3239
2022-10-05 20:27:22; hka-aqm-n204;  24.49;  47.74;   464;   655;     5;     0;     2;     0;   -64;   -64;   8.5; drag-lps8-01; 4; 7; 125000; 3240
2022-10-05 20:42:28; hka-aqm-n204;  24.44;  48.13;   472;   628;     6;     1;     2;     0;   -64;   -64;   7.0; drag-lps8-01; 5; 7; 125000; 3241
2022-10-05 20:57:34; hka-aqm-n204;  24.47;  47.94;   487;   700;     5;     0;     2;     0;   -63;   -63;   6.8; drag-lps8-01; 2; 7; 125000; 3242
2022-10-05 21:12:41; hka-aqm-n204;  24.45;  47.87;   483;   656;     5;     0;     2;     0;   -62;   -62;   8.8; drag-lps8-01; 6; 7; 125000; 3243
2022-10-05 21:27:48; hka-aqm-n204;  24.40;  46.94;   479;   704;     5;     1;     2;     0;   -63;   -63;   8.5; drag-lps8-01; 7; 7; 125000; 3244
2022-10-05 21:42:55; hka-aqm-n204;  24.40;  46.88;   481;   721;     5;     0;     2;     0;   -65;   -65;   9.5; drag-lps8-01; 0; 7; 125000; 3245
2022-10-05 21:58:01; hka-aqm-n204;  24.35;  46.75;   486;   736;     7;     2;     2;     0;   -63;   -63;   7.5; drag-lps8-01; 2; 7; 125000; 3246
2022-10-05 22:13:09; hka-aqm-n204;  24.38;  46.49;   489;   694;     5;     1;     2;     0;   -64;   -64;   9.0; drag-lps8-01; 3; 7; 125000; 3247
2022-10-05 22:28:16; hka-aqm-n204;  24.34;  46.59;   494;   710;     5;     0;     2;     0;   -64;   -64;   7.0; drag-lps8-01; 5; 7; 125000; 3248
2022-10-05 22:43:22; hka-aqm-n204;  24.32;  46.49;   508;   705;     5;     0;     2;     0;   -64;   -64;  10.0; drag-lps8-01; 1; 7; 125000; 3249
2022-10-05 22:58:29; hka-aqm-n204;  24.38;  46.33;   512;   624;     5;     1;     2;     0;   -65;   -65;   9.5; drag-lps8-01; 7; 7; 125000; 3250
2022-10-05 23:13:42; hka-aqm-n204;  24.35;  46.33;   505;   574;     5;     1;     2;     0;   -64;   -64;   9.0; drag-lps8-01; 6; 7; 125000; 3252
2022-10-05 23:28:49; hka-aqm-n204;  24.38;  46.36;   504;   585;     5;     0;     2;     0;   -66;   -66;   9.5; drag-lps8-01; 4; 7; 125000; 3253
2022-10-05 23:44:02; hka-aqm-n204;  24.36;  46.33;   489;   595;     5;     0;     2;     0;   -67;   -67;   9.0; drag-lps8-01; 3; 7; 125000; 3255
2022-10-05 23:59:09; hka-aqm-n204;  24.34;  46.23;   477;   630;     5;     0;     2;     0;   -66;   -66;   9.0; drag-lps8-01; 7; 7; 125000; 3256
