# Logfile LoRaWAN TTN/TTS V3 logger version hka-log V 1.1
date_time;device_id;tmp;hum;CO2;VOC;vis;IR;WIFI;BLE;rssi;channel_rssi;snr;gateway;channel_index;spreading_factor;bandwidth;f_cnt
2023-05-13 00:03:01; hka-aqm-n214;  21.00;  52.62;   414;   819;     6;     2;     3;    17;   -99;   -99;   7.5; drag-lps8-01; 2; 8; 125000; 13285
2023-05-13 00:18:08; hka-aqm-n214;  21.00;  52.62;   420;   795;     8;     3;     3;    17;  -101;  -101;  10.0; drag-lps8-01; 0; 8; 125000; 13286
2023-05-13 00:33:15; hka-aqm-n214;  20.99;  52.58;   415;   817;     6;     0;     3;    17;  -101;  -101;   8.0; drag-lps8-01; 2; 8; 125000; 13287
2023-05-13 00:48:21; hka-aqm-n214;  20.98;  52.46;   418;   775;     7;     2;     3;    17;  -100;  -100;  10.0; drag-lps8-01; 1; 8; 125000; 13288
2023-05-13 01:03:28; hka-aqm-n214;  20.98;  52.36;   414;   824;     6;     0;     3;    17;  -100;  -100;   8.0; drag-lps8-01; 5; 8; 125000; 13289
2023-05-13 01:18:34; hka-aqm-n214;  20.96;  52.27;   422;   764;     6;     1;     3;    17;  -100;  -100;   9.0; drag-lps8-01; 6; 8; 125000; 13290
2023-05-13 01:33:40; hka-aqm-n214;  21.00;  52.17;   421;   792;     6;     1;     3;    17;  -101;  -101;  10.0; drag-lps8-01; 0; 8; 125000; 13291
2023-05-13 01:48:48; hka-aqm-n214;  20.98;  52.08;   414;   765;     6;     1;     3;    17;  -101;  -101;  10.2; drag-lps8-01; 7; 8; 125000; 13292
2023-05-13 02:03:55; hka-aqm-n214;  20.95;  51.89;   414;   747;     6;     1;     3;    17;  -100;  -100;   9.2; drag-lps8-01; 4; 8; 125000; 13293
2023-05-13 02:19:01; hka-aqm-n214;  20.95;  51.73;   414;   754;     6;     0;     3;    17;  -102;  -102;  10.8; drag-lps8-01; 3; 8; 125000; 13294
2023-05-13 02:34:07; hka-aqm-n214;  20.97;  51.57;   416;   759;     6;     1;     3;    17;   -99;   -99;   8.0; drag-lps8-01; 5; 8; 125000; 13295
2023-05-13 02:49:14; hka-aqm-n214;  20.93;  51.48;   414;   758;     6;     1;     3;    17;  -101;  -101;   9.8; drag-lps8-01; 4; 8; 125000; 13296
2023-05-13 03:04:20; hka-aqm-n214;  20.94;  51.32;   427;   735;     6;     1;     3;    17;  -100;  -100;   9.0; drag-lps8-01; 6; 8; 125000; 13297
2023-05-13 03:19:28; hka-aqm-n214;  20.94;  51.22;   422;   676;     6;     0;     3;    17;  -101;  -101;   9.5; drag-lps8-01; 7; 8; 125000; 13298
2023-05-13 03:34:35; hka-aqm-n214;  20.92;  51.13;   418;   733;     8;     3;     3;    17;  -101;  -101;  10.8; drag-lps8-01; 0; 8; 125000; 13299
2023-05-13 03:49:41; hka-aqm-n214;  20.92;  51.03;   428;   732;     6;     0;     3;    17;  -101;  -101;   8.2; drag-lps8-01; 2; 8; 125000; 13300
2023-05-13 04:04:48; hka-aqm-n214;  20.90;  50.87;   414;   726;     6;     0;     3;    17;  -103;  -103;  10.5; drag-lps8-01; 3; 8; 125000; 13301
2023-05-13 04:19:54; hka-aqm-n214;  20.90;  50.75;   418;   726;     6;     1;     3;    17;  -100;  -100;  10.2; drag-lps8-01; 1; 8; 125000; 13302
2023-05-13 04:35:00; hka-aqm-n214;  20.88;  50.56;   415;   770;     8;     3;     3;    17;  -102;  -102;  11.5; drag-lps8-01; 7; 8; 125000; 13303
2023-05-13 04:50:07; hka-aqm-n214;  20.88;  50.36;   420;   730;     6;     0;     3;    17;  -100;  -100;  10.2; drag-lps8-01; 6; 8; 125000; 13304
2023-05-13 05:05:13; hka-aqm-n214;  20.88;  50.17;   416;   754;     6;     0;     3;    17;  -101;  -101;   7.5; drag-lps8-01; 5; 8; 125000; 13305
2023-05-13 05:35:28; hka-aqm-n214;  20.88;  49.63;   415;   726;     6;     1;     3;    17;  -101;  -101;   9.8; drag-lps8-01; 4; 8; 125000; 13307
2023-05-13 05:50:34; hka-aqm-n214;  20.85;  49.47;   418;   749;     8;     1;     3;    17;  -101;  -101;  11.0; drag-lps8-01; 1; 8; 125000; 13308
2023-05-13 06:05:41; hka-aqm-n214;  20.85;  49.25;   420;   724;    11;     2;     3;    17;  -102;  -102;  10.8; drag-lps8-01; 0; 8; 125000; 13309
2023-05-13 06:20:47; hka-aqm-n214;  20.85;  49.09;   415;   749;    18;     5;     3;    17;  -103;  -103;  10.2; drag-lps8-01; 3; 8; 125000; 13310
2023-05-13 06:35:53; hka-aqm-n214;  20.79;  48.77;   414;   702;    26;     9;     3;    17;  -100;  -100;  10.0; drag-lps8-01; 6; 8; 125000; 13311
2023-05-13 06:51:00; hka-aqm-n214;  20.76;  48.51;   414;   712;    27;     8;     3;    17;  -101;  -101;   8.2; drag-lps8-01; 5; 8; 125000; 13312
2023-05-13 07:06:08; hka-aqm-n214;  20.80;  48.55;   415;   643;    36;    12;     3;    17;  -102;  -102;  10.8; drag-lps8-01; 3; 8; 125000; 13313
2023-05-13 07:21:14; hka-aqm-n214;  20.78;  48.64;   417;   737;    39;    14;     3;    17;  -102;  -102;  11.2; drag-lps8-01; 0; 8; 125000; 13314
2023-05-13 07:36:21; hka-aqm-n214;  20.81;  48.83;   419;   687;    44;    16;     3;    17;  -101;  -101;  11.2; drag-lps8-01; 4; 8; 125000; 13315
2023-05-13 07:51:27; hka-aqm-n214;  20.81;  48.96;   416;   657;    46;    17;     3;    17;  -101;  -101;   8.2; drag-lps8-01; 2; 8; 125000; 13316
2023-05-13 08:06:33; hka-aqm-n214;  20.80;  48.29;   414;   653;    53;    21;     3;    17;  -101;  -101;  11.2; drag-lps8-01; 1; 8; 125000; 13317
2023-05-13 08:21:40; hka-aqm-n214;  20.78;  47.74;   418;   625;    59;    23;     3;    17;  -101;  -101;  11.0; drag-lps8-01; 7; 8; 125000; 13318
2023-05-13 08:36:47; hka-aqm-n214;  20.81;  47.20;   414;   603;    66;    27;     3;    17;  -101;  -101;   9.2; drag-lps8-01; 0; 8; 125000; 13319
2023-05-13 08:51:53; hka-aqm-n214;  20.81;  46.91;   419;   586;    71;    29;     3;    17;  -102;  -102;  11.0; drag-lps8-01; 7; 8; 125000; 13320
2023-05-13 09:06:59; hka-aqm-n214;  20.82;  46.68;   419;   596;    80;    34;     3;    17;  -100;  -100;   8.8; drag-lps8-01; 4; 8; 125000; 13321
2023-05-13 09:22:08; hka-aqm-n214;  20.80;  46.33;   415;   631;    66;    25;     3;    17;  -101;  -101;   8.2; drag-lps8-01; 5; 8; 125000; 13322
2023-05-13 09:37:14; hka-aqm-n214;  20.81;  46.27;   415;   631;   101;    42;     3;    17;  -101;  -101;  10.8; drag-lps8-01; 1; 8; 125000; 13323
2023-05-13 09:52:21; hka-aqm-n214;  20.80;  46.27;   419;   668;    84;    33;     3;    17;   -99;   -99;   9.5; drag-lps8-01; 6; 8; 125000; 13324
2023-05-13 10:07:27; hka-aqm-n214;  20.81;  46.52;   416;   656;    69;    25;     3;    17;  -103;  -103;  10.8; drag-lps8-01; 3; 8; 125000; 13325
2023-05-13 10:22:33; hka-aqm-n214;  20.83;  46.72;   420;   699;    79;    31;     3;    17;  -101;  -101;   8.0; drag-lps8-01; 2; 8; 125000; 13326
2023-05-13 10:37:39; hka-aqm-n214;  20.84;  47.46;   417;   728;    84;    33;     3;    17;  -101;  -101;  11.0; drag-lps8-01; 1; 8; 125000; 13327
2023-05-13 10:52:47; hka-aqm-n214;  20.84;  47.90;   418;   734;   102;    40;     3;    17;  -102;  -102;  11.0; drag-lps8-01; 7; 8; 125000; 13328
2023-05-13 11:07:53; hka-aqm-n214;  20.85;  48.03;   415;   745;   118;    46;     3;    17;   -99;   -99;   7.8; drag-lps8-01; 2; 8; 125000; 13329
2023-05-13 11:22:59; hka-aqm-n214;  20.84;  47.94;   414;   729;   107;    41;     3;    17;  -101;  -101;  10.2; drag-lps8-01; 0; 8; 125000; 13330
2023-05-13 11:38:08; hka-aqm-n214;  20.85;  47.84;   422;   717;   110;    43;     3;    17;  -101;  -101;   8.0; drag-lps8-01; 5; 8; 125000; 13331
2023-05-13 11:53:14; hka-aqm-n214;  20.83;  47.90;   428;   642;   124;    48;     3;    17;  -103;  -103;   9.8; drag-lps8-01; 3; 8; 125000; 13332
2023-05-13 12:08:20; hka-aqm-n214;  20.86;  47.94;   416;   690;   126;    49;     3;    17;  -101;  -101;  11.2; drag-lps8-01; 6; 8; 125000; 13333
2023-05-13 12:23:27; hka-aqm-n214;  20.86;  47.97;   415;   670;   106;    41;     3;    17;  -101;  -101;  10.8; drag-lps8-01; 4; 8; 125000; 13334
2023-05-13 12:38:34; hka-aqm-n214;  20.84;  48.07;   421;   676;    98;    37;     3;    17;  -101;  -101;   7.8; drag-lps8-01; 2; 8; 125000; 13335
2023-05-13 12:53:40; hka-aqm-n214;  20.84;  48.19;   420;   687;    89;    35;     3;    17;  -100;  -100;   7.8; drag-lps8-01; 5; 8; 125000; 13336
2023-05-13 13:08:48; hka-aqm-n214;  20.81;  47.97;   415;   595;    90;    34;     3;    17;  -102;  -102;  10.8; drag-lps8-01; 0; 8; 125000; 13337
2023-05-13 13:23:54; hka-aqm-n214;  20.84;  48.03;   415;   722;    93;    35;     3;    17;   -98;   -98;  10.0; drag-lps8-01; 6; 8; 125000; 13338
2023-05-13 13:39:00; hka-aqm-n214;  20.84;  48.42;   423;   699;   127;    47;     3;    17;  -100;  -100;   9.2; drag-lps8-01; 4; 8; 125000; 13339
2023-05-13 13:54:08; hka-aqm-n214;  20.89;  48.58;   424;   719;   137;    50;     3;    17;  -101;  -101;  10.0; drag-lps8-01; 1; 8; 125000; 13340
2023-05-13 14:09:14; hka-aqm-n214;  20.88;  48.58;   418;   702;   178;    72;     3;    17;  -102;  -102;  10.5; drag-lps8-01; 7; 8; 125000; 13341
2023-05-13 14:24:20; hka-aqm-n214;  20.84;  48.48;   421;   713;   131;    49;     3;    17;  -103;  -103;  11.2; drag-lps8-01; 3; 8; 125000; 13342
2023-05-13 14:39:28; hka-aqm-n214;  20.84;  48.55;   417;   683;   116;    43;     3;    17;  -101;  -101;  10.8; drag-lps8-01; 1; 8; 125000; 13343
2023-05-13 14:54:34; hka-aqm-n214;  20.84;  48.77;   416;   711;   120;    45;     3;    17;  -101;  -101;   8.5; drag-lps8-01; 5; 8; 125000; 13344
2023-05-13 15:09:40; hka-aqm-n214;  20.85;  48.90;   417;   764;   140;    55;     3;    17;  -102;  -102;   9.2; drag-lps8-01; 3; 8; 125000; 13345
2023-05-13 15:24:47; hka-aqm-n214;  20.83;  49.06;   415;   708;   105;    40;     3;    17;  -100;  -100;   9.2; drag-lps8-01; 7; 8; 125000; 13346
2023-05-13 15:39:54; hka-aqm-n214;  20.83;  49.18;   415;   696;   103;    38;     3;    17;  -101;  -101;  11.0; drag-lps8-01; 0; 8; 125000; 13347
2023-05-13 15:55:00; hka-aqm-n214;  20.86;  49.06;   415;   718;   135;    56;     3;    17;  -101;  -101;   7.8; drag-lps8-01; 2; 8; 125000; 13348
2023-05-13 16:10:06; hka-aqm-n214;  20.89;  49.22;   414;   745;   107;    42;     3;    17;  -101;  -101;  10.8; drag-lps8-01; 4; 8; 125000; 13349
2023-05-13 16:25:13; hka-aqm-n214;  20.84;  49.18;   419;   702;    85;    32;     3;    17;   -99;   -99;   9.5; drag-lps8-01; 6; 8; 125000; 13350
2023-05-13 16:34:07; hka-aqm-n214;  20.86;  49.03;   429;   726;   133;    58;     3;    17;  -100;  -100;   8.0; drag-lps8-01; 5; 8; 125000; 13351
2023-05-13 16:49:13; hka-aqm-n214;  20.86;  49.03;   414;   713;    85;    34;     1;     0;  -101;  -101;   9.8; drag-lps8-01; 0; 8; 125000; 13352
2023-05-13 17:04:19; hka-aqm-n214;  20.83;  49.09;   416;   703;    94;    40;     1;     0;  -101;  -101;  10.0; drag-lps8-01; 4; 8; 125000; 13353
2023-05-13 17:19:27; hka-aqm-n214;  20.82;  48.90;   416;   722;    57;    21;     1;     0;  -102;  -102;  11.5; drag-lps8-01; 7; 8; 125000; 13354
2023-05-13 17:34:33; hka-aqm-n214;  20.82;  48.83;   418;   668;    85;    36;     1;     0;  -101;  -101;   7.8; drag-lps8-01; 2; 8; 125000; 13355
2023-05-13 17:49:40; hka-aqm-n214;  20.83;  48.58;   420;   748;    50;    18;     1;     0;   -99;   -99;   9.2; drag-lps8-01; 6; 8; 125000; 13356
2023-05-13 18:04:46; hka-aqm-n214;  20.80;  48.19;   417;   696;    68;    27;     1;     0;  -100;  -100;  10.0; drag-lps8-01; 1; 8; 125000; 13357
2023-05-13 18:20:07; hka-aqm-n214;  20.79;  48.19;   422;   726;    43;    16;     1;     0;  -102;  -102;  11.0; drag-lps8-01; 0; 8; 125000; 13359
2023-05-13 18:35:14; hka-aqm-n214;  20.83;  48.19;   420;   715;    34;    12;     1;     0;  -100;  -100;  10.5; drag-lps8-01; 1; 8; 125000; 13360
2023-05-13 18:50:20; hka-aqm-n214;  20.83;  48.32;   419;   724;    31;    12;     1;     0;   -99;   -99;   7.8; drag-lps8-01; 5; 8; 125000; 13361
2023-05-13 19:05:26; hka-aqm-n214;  20.80;  48.55;   414;   775;    25;     8;     1;     0;  -100;  -100;   8.0; drag-lps8-01; 2; 8; 125000; 13362
2023-05-13 19:20:33; hka-aqm-n214;  20.78;  48.55;   414;   741;    22;     7;     1;     0;  -101;  -101;  10.2; drag-lps8-01; 6; 8; 125000; 13363
2023-05-13 19:35:39; hka-aqm-n214;  20.82;  48.48;   416;   748;    34;    13;     1;     0;  -102;  -102;  10.2; drag-lps8-01; 3; 8; 125000; 13364
2023-05-13 19:50:47; hka-aqm-n214;  20.83;  48.67;   423;   765;    20;     6;     1;     0;  -101;  -101;  10.2; drag-lps8-01; 7; 8; 125000; 13365
2023-05-13 20:05:54; hka-aqm-n214;  20.82;  48.74;   420;   796;    14;     3;     1;     0;  -101;  -101;  11.2; drag-lps8-01; 4; 8; 125000; 13366
2023-05-13 20:21:00; hka-aqm-n214;  20.81;  49.15;   415;   788;    10;     2;     1;     0;  -101;  -101;   7.5; drag-lps8-01; 5; 8; 125000; 13367
2023-05-13 20:36:07; hka-aqm-n214;  20.78;  49.28;   420;   743;     8;     1;     1;     0;  -103;  -103;  10.5; drag-lps8-01; 3; 8; 125000; 13368
2023-05-13 20:51:14; hka-aqm-n214;  20.82;  49.47;   417;   786;     9;     2;     1;     0;  -101;  -101;   9.8; drag-lps8-01; 4; 8; 125000; 13369
2023-05-13 21:06:20; hka-aqm-n214;  20.82;  49.54;   420;   837;     6;     1;     1;     0;  -101;  -101;   8.5; drag-lps8-01; 2; 8; 125000; 13370
2023-05-13 21:21:27; hka-aqm-n214;  20.78;  49.63;   415;   807;     6;     1;     1;     0;  -101;  -101;  10.5; drag-lps8-01; 6; 8; 125000; 13371
2023-05-13 21:36:33; hka-aqm-n214;  20.76;  49.73;   422;   804;     6;     2;     1;     0;  -101;  -101;  10.8; drag-lps8-01; 0; 8; 125000; 13372
2023-05-13 21:51:39; hka-aqm-n214;  20.77;  49.66;   414;   817;     8;     2;     1;     0;  -101;  -101;  10.0; drag-lps8-01; 7; 8; 125000; 13373
2023-05-13 22:06:47; hka-aqm-n214;  20.80;  49.63;   414;   853;     8;     3;     1;     0;  -101;  -101;  10.2; drag-lps8-01; 1; 8; 125000; 13374
2023-05-13 22:21:53; hka-aqm-n214;  20.84;  49.66;   418;   896;     7;     2;     1;     0;  -101;  -101;  10.5; drag-lps8-01; 6; 8; 125000; 13375
2023-05-13 22:37:00; hka-aqm-n214;  20.80;  49.82;   420;   911;     6;     0;     1;     0;  -101;  -101;   8.2; drag-lps8-01; 5; 8; 125000; 13376
2023-05-13 22:52:07; hka-aqm-n214;  20.80;  49.89;   415;   908;     6;     0;     1;     0;  -102;  -102;  10.2; drag-lps8-01; 3; 8; 125000; 13377
2023-05-13 23:07:13; hka-aqm-n214;  20.82;  49.92;   414;   895;     6;     0;     1;     0;  -102;  -102;  11.5; drag-lps8-01; 7; 8; 125000; 13378
2023-05-13 23:22:19; hka-aqm-n214;  20.81;  50.01;   416;   898;     6;     0;     1;     0;  -102;  -102;  11.0; drag-lps8-01; 0; 8; 125000; 13379
2023-05-13 23:37:27; hka-aqm-n214;  20.82;  50.14;   420;   896;     6;     1;     1;     0;  -100;  -100;   8.2; drag-lps8-01; 2; 8; 125000; 13380
2023-05-13 23:52:33; hka-aqm-n214;  20.80;  50.40;   430;   895;     6;     0;     1;     0;   -99;   -99;   9.2; drag-lps8-01; 1; 8; 125000; 13381
