# Logfile LoRaWAN TTN/TTS V3 logger version hka-log V 1.1
date_time;device_id;tmp;hum;CO2;VOC;vis;IR;WIFI;BLE;rssi;channel_rssi;snr;gateway;channel_index;spreading_factor;bandwidth;f_cnt
2022-09-04 00:02:47; hka-aqm-n204;  24.79;  55.41;   432;   606;     6;     0;     2;     0;   -54;   -54;   7.0; drag-lps8-01; 5; 7; 125000; 272
2022-09-04 00:17:53; hka-aqm-n204;  24.81;  55.16;   436;   612;     6;     0;     2;     0;   -57;   -57;   8.5; drag-lps8-01; 0; 7; 125000; 273
2022-09-04 00:33:00; hka-aqm-n204;  24.84;  54.94;   459;   609;     6;     1;     1;     0;   -54;   -54;   8.5; drag-lps8-01; 6; 7; 125000; 274
2022-09-04 00:48:07; hka-aqm-n204;  24.82;  54.88;   452;   621;     6;     0;     2;     0;   -57;   -57;   9.5; drag-lps8-01; 3; 7; 125000; 275
2022-09-04 01:03:13; hka-aqm-n204;  24.78;  54.72;   438;   609;     6;     0;     2;     0;   -55;   -55;   7.0; drag-lps8-01; 2; 7; 125000; 276
2022-09-04 01:18:20; hka-aqm-n204;  24.80;  54.60;   437;   624;     7;     2;     0;     0;   -53;   -53;   8.5; drag-lps8-01; 1; 7; 125000; 277
2022-09-04 01:33:27; hka-aqm-n204;  24.78;  54.51;   446;   600;     6;     0;     2;     0;   -57;   -57;   9.8; drag-lps8-01; 7; 7; 125000; 278
2022-09-04 01:48:33; hka-aqm-n204;  24.73;  54.38;   450;   593;     8;     2;     2;     0;   -55;   -55;   9.2; drag-lps8-01; 4; 7; 125000; 279
2022-09-04 02:03:39; hka-aqm-n204;  24.75;  53.97;   448;   590;     8;     2;     1;     0;   -53;   -53;   7.0; drag-lps8-01; 2; 7; 125000; 280
2022-09-04 02:18:47; hka-aqm-n204;  24.80;  53.88;   457;   572;     6;     1;     2;     0;   -57;   -57;   9.5; drag-lps8-01; 0; 7; 125000; 281
2022-09-04 02:33:53; hka-aqm-n204;  24.82;  53.40;   467;   523;     8;     2;     2;     0;   -54;   -54;   7.8; drag-lps8-01; 7; 7; 125000; 282
2022-09-04 02:48:59; hka-aqm-n204;  24.76;  53.09;   473;   553;     6;     0;     0;     0;   -55;   -55;   8.2; drag-lps8-01; 6; 7; 125000; 283
2022-09-04 03:04:07; hka-aqm-n204;  24.75;  52.96;   472;   533;     6;     0;     2;     0;   -54;   -54;   8.2; drag-lps8-01; 4; 7; 125000; 284
2022-09-04 03:19:13; hka-aqm-n204;  24.74;  52.52;   478;   544;     6;     0;     2;     0;   -57;   -57;   9.8; drag-lps8-01; 3; 7; 125000; 285
2022-09-04 03:34:20; hka-aqm-n204;  24.79;  52.43;   472;   552;     8;     2;     1;     0;   -55;   -55;   9.2; drag-lps8-01; 1; 7; 125000; 286
2022-09-04 03:49:27; hka-aqm-n204;  24.76;  52.43;   481;   589;     6;     0;     2;     0;   -53;   -53;   6.8; drag-lps8-01; 5; 7; 125000; 287
2022-09-04 04:04:33; hka-aqm-n204;  24.73;  52.30;   480;   539;     6;     1;     2;     0;   -55;   -55;   9.8; drag-lps8-01; 1; 7; 125000; 288
2022-09-04 04:19:39; hka-aqm-n204;  24.75;  51.98;   493;   525;     6;     1;     0;     0;   -54;   -54;   9.8; drag-lps8-01; 6; 7; 125000; 289
2022-09-04 04:34:47; hka-aqm-n204;  24.75;  51.82;   496;   556;     6;     0;     2;     0;   -55;   -55;   9.5; drag-lps8-01; 3; 7; 125000; 290
2022-09-04 04:50:00; hka-aqm-n204;  24.76;  51.57;   491;   560;     6;     0;     1;     0;   -57;   -57;   8.8; drag-lps8-01; 7; 7; 125000; 292
2022-09-04 05:05:06; hka-aqm-n204;  24.73;  51.73;   484;   555;     6;     0;     2;     0;   -57;   -57;   9.8; drag-lps8-01; 4; 7; 125000; 293
2022-09-04 05:20:19; hka-aqm-n204;  24.71;  51.54;   491;   556;     8;     2;     0;     0;   -54;   -54;   7.0; drag-lps8-01; 2; 7; 125000; 295
2022-09-04 05:35:27; hka-aqm-n204;  24.68;  51.41;   491;   544;     6;     0;     2;     0;   -54;   -54;   9.0; drag-lps8-01; 1; 7; 125000; 296
2022-09-04 05:50:40; hka-aqm-n204;  24.73;  51.25;   486;   565;     6;     0;     0;     0;   -55;   -55;   9.5; drag-lps8-01; 0; 7; 125000; 298
2022-09-04 06:05:46; hka-aqm-n204;  24.71;  51.54;   471;   561;     6;     0;     2;     0;   -55;   -55;   9.8; drag-lps8-01; 7; 7; 125000; 299
2022-09-04 06:20:53; hka-aqm-n204;  24.70;  51.57;   458;   554;     6;     1;     2;     0;   -53;   -53;   7.2; drag-lps8-01; 5; 7; 125000; 300
2022-09-04 06:35:59; hka-aqm-n204;  24.66;  51.32;   470;   549;     6;     0;     1;     0;   -53;   -53;   6.2; drag-lps8-01; 2; 7; 125000; 301
2022-09-04 06:51:06; hka-aqm-n204;  24.66;  51.16;   468;   546;     7;     1;     2;     0;   -54;   -54;   8.5; drag-lps8-01; 3; 7; 125000; 302
2022-09-04 07:06:12; hka-aqm-n204;  24.76;  51.57;   450;   570;    10;     3;     2;     0;   -53;   -53;   9.2; drag-lps8-01; 4; 7; 125000; 303
2022-09-04 07:21:19; hka-aqm-n204;  24.76;  51.76;   443;   575;     9;     1;     1;     0;   -53;   -53;   9.0; drag-lps8-01; 6; 7; 125000; 304
2022-09-04 07:36:25; hka-aqm-n204;  24.74;  52.05;   441;   564;    12;     3;     2;     0;   -55;   -55;  10.0; drag-lps8-01; 3; 7; 125000; 305
2022-09-04 07:51:31; hka-aqm-n204;  24.70;  52.90;   445;   578;    16;     5;     2;     0;   -53;   -53;   6.8; drag-lps8-01; 5; 7; 125000; 306
2022-09-04 08:06:38; hka-aqm-n204;  24.74;  53.66;   440;   579;    15;     3;     2;     0;   -53;   -53;   7.5; drag-lps8-01; 2; 7; 125000; 307
2022-09-04 08:21:47; hka-aqm-n204;  24.75;  54.25;   427;   594;    16;     4;     2;     0;   -52;   -52;   8.5; drag-lps8-01; 4; 7; 125000; 308
2022-09-04 08:36:53; hka-aqm-n204;  24.82;  54.69;   440;   588;    17;     4;     2;     0;   -55;   -55;  10.0; drag-lps8-01; 7; 7; 125000; 309
2022-09-04 08:51:59; hka-aqm-n204;  24.78;  55.04;   422;   608;    21;     7;     1;     0;   -55;   -55;   8.8; drag-lps8-01; 0; 7; 125000; 310
2022-09-04 09:07:07; hka-aqm-n204;  24.79;  55.48;   419;   642;    21;     6;     2;     0;   -53;   -53;   9.2; drag-lps8-01; 1; 7; 125000; 311
2022-09-04 09:22:13; hka-aqm-n204;  24.86;  55.98;   414;   631;    23;     6;     2;     0;   -53;   -53;   8.5; drag-lps8-01; 3; 7; 125000; 312
2022-09-04 09:37:19; hka-aqm-n204;  24.84;  56.20;   408;   669;    25;     7;     0;     0;   -54;   -54;   9.8; drag-lps8-01; 6; 7; 125000; 313
2022-09-04 09:52:27; hka-aqm-n204;  24.85;  56.57;   405;   665;    26;     7;     2;     0;   -54;   -54;   8.8; drag-lps8-01; 1; 7; 125000; 314
2022-09-04 10:07:33; hka-aqm-n204;  24.85;  56.76;   402;   672;    27;     7;     2;     0;   -54;   -54;   9.2; drag-lps8-01; 0; 7; 125000; 315
2022-09-04 10:22:39; hka-aqm-n204;  24.86;  56.82;   399;   679;    28;     8;     0;     0;   -54;   -54;   6.5; drag-lps8-01; 2; 7; 125000; 316
2022-09-04 10:37:46; hka-aqm-n204;  24.87;  57.01;   399;   688;    30;     8;     2;     0;   -54;   -54;   9.2; drag-lps8-01; 4; 7; 125000; 317
2022-09-04 10:52:58; hka-aqm-n204;  24.86;  57.26;   399;   734;    34;     9;     0;     0;   -57;   -57;  10.0; drag-lps8-01; 7; 7; 125000; 319
2022-09-04 11:08:06; hka-aqm-n204;  24.84;  57.66;   397;   674;    42;    12;     2;     0;   -54;   -54;   9.2; drag-lps8-01; 1; 7; 125000; 320
2022-09-04 11:23:13; hka-aqm-n204;  24.84;  57.29;   391;   672;    45;    12;     2;     0;   -54;   -54;   9.5; drag-lps8-01; 6; 7; 125000; 321
2022-09-04 11:38:19; hka-aqm-n204;  24.82;  57.07;   392;   666;    49;    13;     1;     0;   -55;   -55;   8.5; drag-lps8-01; 7; 7; 125000; 322
2022-09-04 11:53:26; hka-aqm-n204;  24.80;  56.91;   422;   619;    56;    15;     2;     0;   -52;   -52;   8.5; drag-lps8-01; 4; 7; 125000; 323
2022-09-04 12:08:33; hka-aqm-n204;  24.87;  56.48;   430;   667;    67;    18;     2;     0;   -54;   -54;   7.0; drag-lps8-01; 2; 7; 125000; 324
2022-09-04 12:23:39; hka-aqm-n204;  24.90;  55.76;   425;   577;    97;    26;     0;     0;   -55;   -55;   9.0; drag-lps8-01; 3; 7; 125000; 325
2022-09-04 12:38:45; hka-aqm-n204;  24.91;  54.79;   420;   564;    83;    22;     2;     0;   -54;   -54;   8.2; drag-lps8-01; 0; 7; 125000; 326
2022-09-04 12:53:51; hka-aqm-n204;  24.88;  53.81;   423;   579;    86;    24;     2;     0;   -54;   -54;   6.2; drag-lps8-01; 5; 7; 125000; 327
2022-09-04 13:08:58; hka-aqm-n204;  24.93;  51.44;   415;   564;   106;    28;     1;     0;   -54;   -54;   6.8; drag-lps8-01; 2; 7; 125000; 328
2022-09-04 13:24:05; hka-aqm-n204;  24.94;  50.14;   420;   553;   104;    30;     2;     0;   -57;   -57;   9.5; drag-lps8-01; 3; 7; 125000; 329
2022-09-04 13:24:46; hka-aqm-n204;  24.98;  50.14;   419;   558;    38;     8;     2;     0;   -55;   -55;   8.5; drag-lps8-01; 7; 7; 125000; 330
2022-09-04 13:39:52; hka-aqm-n204;  24.97;  48.64;   416;   541;   123;    33;     1;     0;   -54;   -54;   6.2; drag-lps8-01; 5; 7; 125000; 331
2022-09-04 13:54:58; hka-aqm-n204;  25.07;  46.52;   422;   549;   110;    29;     0;     0;   -55;   -55;   8.8; drag-lps8-01; 1; 7; 125000; 332
2022-09-04 14:10:06; hka-aqm-n204;  25.15;  46.56;   413;   559;    90;    25;     1;     0;   -54;   -54;   8.8; drag-lps8-01; 4; 7; 125000; 333
2022-09-04 14:25:12; hka-aqm-n204;  25.20;  45.10;   417;   579;    76;    21;     1;     0;   -57;   -57;   9.2; drag-lps8-01; 0; 7; 125000; 334
2022-09-04 14:40:18; hka-aqm-n204;  25.16;  43.81;   410;   549;    68;    19;     1;     0;   -54;   -54;   9.0; drag-lps8-01; 6; 7; 125000; 335
2022-09-04 14:55:26; hka-aqm-n204;  25.12;  42.57;   411;   541;    60;    17;     1;     0;   -55;   -55;  10.2; drag-lps8-01; 1; 7; 125000; 336
2022-09-04 15:10:39; hka-aqm-n204;  25.13;  41.92;   421;   582;    55;    16;     1;     0;   -55;   -55;   9.8; drag-lps8-01; 6; 7; 125000; 338
2022-09-04 15:25:52; hka-aqm-n204;  25.11;  41.62;   408;   535;    52;    16;     1;     0;   -55;   -55;   8.5; drag-lps8-01; 3; 7; 125000; 340
2022-09-04 15:41:05; hka-aqm-n204;  25.12;  41.62;   408;   537;    44;    13;     1;     0;   -52;   -52;   8.5; drag-lps8-01; 4; 7; 125000; 342
2022-09-04 15:56:18; hka-aqm-n204;  25.09;  41.59;   414;   580;    39;    11;     1;     0;   -53;   -53;   7.5; drag-lps8-01; 5; 7; 125000; 344
2022-09-04 16:11:25; hka-aqm-n204;  25.19;  41.43;   411;   583;    33;     9;     1;     0;   -54;   -54;   9.0; drag-lps8-01; 7; 7; 125000; 345
2022-09-04 16:26:31; hka-aqm-n204;  25.20;  40.28;   409;   572;    26;     7;     1;     0;   -54;   -54;   9.8; drag-lps8-01; 6; 7; 125000; 346
2022-09-04 16:41:37; hka-aqm-n204;  25.21;  40.28;   405;   570;    20;     5;     0;     0;   -53;   -53;   9.2; drag-lps8-01; 1; 7; 125000; 347
2022-09-04 16:56:45; hka-aqm-n204;  25.25;  40.51;   409;   586;    21;     5;     1;     0;   -53;   -53;   9.8; drag-lps8-01; 4; 7; 125000; 348
2022-09-04 17:11:52; hka-aqm-n204;  25.21;  41.85;   413;   593;    20;     5;     2;     0;   -54;   -54;   8.8; drag-lps8-01; 3; 7; 125000; 349
2022-09-04 17:26:58; hka-aqm-n204;  25.24;  41.79;   414;   604;    16;     4;     0;     0;   -54;   -54;   7.5; drag-lps8-01; 0; 7; 125000; 350
2022-09-04 17:42:05; hka-aqm-n204;  25.08;  42.99;   409;   562;    13;     2;     2;     0;   -51;   -51;   7.5; drag-lps8-01; 2; 7; 125000; 351
2022-09-04 17:57:11; hka-aqm-n204;  25.18;  44.49;   419;   600;    13;     2;     2;     0;   -53;   -53;   8.2; drag-lps8-01; 7; 7; 125000; 352
2022-09-04 18:12:17; hka-aqm-n204;  25.20;  45.23;   420;   607;    12;     2;     0;     0;   -54;   -54;   9.2; drag-lps8-01; 1; 7; 125000; 353
2022-09-04 18:27:26; hka-aqm-n204;  25.08;  44.55;   411;   598;    11;     2;     2;     0;   -53;   -53;   8.5; drag-lps8-01; 6; 7; 125000; 354
2022-09-04 18:42:32; hka-aqm-n204;  24.99;  44.39;   414;   562;    11;     2;     2;     0;   -53;   -53;   8.5; drag-lps8-01; 3; 7; 125000; 355
2022-09-04 18:57:38; hka-aqm-n204;  25.00;  45.65;   417;   582;    10;     1;     0;     0;   -54;   -54;   9.2; drag-lps8-01; 4; 7; 125000; 356
2022-09-04 19:12:45; hka-aqm-n204;  25.05;  47.36;   426;   606;     9;     1;     2;     0;   -54;   -54;   6.5; drag-lps8-01; 2; 7; 125000; 357
2022-09-04 19:27:51; hka-aqm-n204;  24.90;  48.29;   433;   600;     9;     2;     2;     0;   -55;   -55;   8.2; drag-lps8-01; 0; 7; 125000; 358
2022-09-04 19:42:58; hka-aqm-n204;  24.86;  48.51;   423;   585;     7;     1;     0;     0;   -52;   -52;   7.2; drag-lps8-01; 5; 7; 125000; 359
2022-09-04 19:58:06; hka-aqm-n204;  24.85;  49.63;   432;   593;     6;     0;     2;     0;   -53;   -53;   8.8; drag-lps8-01; 6; 7; 125000; 360
2022-09-04 20:13:12; hka-aqm-n204;  24.83;  51.13;   450;   610;     6;     0;     2;     0;   -53;   -53;   7.0; drag-lps8-01; 2; 7; 125000; 361
2022-09-04 20:28:18; hka-aqm-n204;  24.82;  50.78;   450;   606;     6;     0;     0;     0;   -55;   -55;   9.0; drag-lps8-01; 7; 7; 125000; 362
2022-09-04 20:43:26; hka-aqm-n204;  24.85;  50.65;   450;   621;     6;     0;     2;     0;   -54;   -54;   8.8; drag-lps8-01; 1; 7; 125000; 363
2022-09-04 20:58:38; hka-aqm-n204;  24.84;  51.06;   450;   613;     6;     1;     0;     0;   -55;   -55;   9.0; drag-lps8-01; 3; 7; 125000; 365
2022-09-04 21:13:46; hka-aqm-n204;  24.82;  50.94;   448;   607;     6;     0;     2;     0;   -54;   -54;   9.2; drag-lps8-01; 4; 7; 125000; 366
2022-09-04 21:28:58; hka-aqm-n204;  24.78;  50.94;   464;   606;     8;     2;     0;     0;   -54;   -54;   9.2; drag-lps8-01; 3; 7; 125000; 368
2022-09-04 21:44:05; hka-aqm-n204;  24.79;  51.25;   458;   624;     8;     2;     2;     0;   -53;   -53;   9.2; drag-lps8-01; 1; 7; 125000; 369
2022-09-04 21:59:11; hka-aqm-n204;  24.81;  51.35;   459;   670;     6;     0;     2;     0;   -55;   -55;   9.5; drag-lps8-01; 0; 7; 125000; 370
2022-09-04 22:14:17; hka-aqm-n204;  24.78;  51.41;   462;   638;     6;     0;     0;     0;   -55;   -55;   9.5; drag-lps8-01; 7; 7; 125000; 371
2022-09-04 22:29:24; hka-aqm-n204;  24.80;  51.44;   471;   707;     6;     0;     2;     0;   -53;   -53;   8.5; drag-lps8-01; 6; 7; 125000; 372
2022-09-04 22:44:30; hka-aqm-n204;  24.80;  51.32;   472;   651;     6;     0;     2;     0;   -53;   -53;   7.2; drag-lps8-01; 2; 7; 125000; 373
2022-09-04 22:59:37; hka-aqm-n204;  24.84;  51.44;   478;   692;     8;     2;     0;     0;   -53;   -53;   7.2; drag-lps8-01; 5; 7; 125000; 374
2022-09-04 23:14:46; hka-aqm-n204;  24.83;  51.51;   486;   653;     8;     2;     2;     0;   -54;   -54;   9.2; drag-lps8-01; 4; 7; 125000; 375
2022-09-04 23:29:52; hka-aqm-n204;  24.82;  51.44;   483;   655;     6;     0;     2;     0;   -54;   -54;   7.5; drag-lps8-01; 2; 7; 125000; 376
2022-09-04 23:44:58; hka-aqm-n204;  24.83;  51.29;   494;   622;     8;     2;     0;     0;   -54;   -54;   9.5; drag-lps8-01; 4; 7; 125000; 377
