# Logfile LoRaWAN TTN/TTS V3 logger version hka-log V 1.1
date_time;device_id;tmp;hum;CO2;VOC;vis;IR;WIFI;BLE;rssi;channel_rssi;snr;gateway;channel_index;spreading_factor;bandwidth;f_cnt
2022-09-17 00:01:54; hka-aqm-n203;  24.42;  37.45;   422;   615;     6;     0;     2;     0;   -60;   -60;   8.2; drag-lps8-01; 6; 7; 125000; 289
2022-09-17 00:17:01; hka-aqm-n203;  24.49;  37.15;   412;   666;     6;     0;     2;     0;   -63;   -63;   9.5; drag-lps8-01; 1; 7; 125000; 290
2022-09-17 00:32:07; hka-aqm-n203;  24.49;  37.28;   412;   627;     6;     0;     2;     0;   -67;   -67;   7.2; drag-lps8-01; 5; 7; 125000; 291
2022-09-17 00:47:13; hka-aqm-n203;  24.46;  37.32;   407;   638;     6;     1;     2;     0;   -63;   -63;   9.2; drag-lps8-01; 7; 7; 125000; 292
2022-09-17 01:02:19; hka-aqm-n203;  24.39;  37.51;   408;   621;     6;     2;     2;     0;   -63;   -63;   9.2; drag-lps8-01; 3; 7; 125000; 293
2022-09-17 01:17:26; hka-aqm-n203;  24.35;  37.55;   409;   592;     6;     0;     1;     0;   -61;   -61;   7.5; drag-lps8-01; 5; 7; 125000; 294
2022-09-17 01:32:32; hka-aqm-n203;  24.38;  37.51;   409;   598;     9;     3;     2;     0;   -63;   -63;  10.0; drag-lps8-01; 7; 7; 125000; 295
2022-09-17 01:47:38; hka-aqm-n203;  24.34;  37.25;   413;   615;     6;     1;     2;     0;   -61;   -61;   8.2; drag-lps8-01; 6; 7; 125000; 296
2022-09-17 02:02:51; hka-aqm-n203;  24.30;  36.92;   413;   624;     7;     1;     2;     0;   -63;   -63;   8.5; drag-lps8-01; 0; 7; 125000; 298
2022-09-17 02:18:04; hka-aqm-n203;  24.30;  36.65;   415;   600;     6;     0;     2;     0;   -61;   -61;   9.0; drag-lps8-01; 1; 7; 125000; 300
2022-09-17 02:33:10; hka-aqm-n203;  24.30;  36.49;   411;   550;     8;     2;     2;     0;   -66;   -66;   7.5; drag-lps8-01; 2; 7; 125000; 301
2022-09-17 02:48:16; hka-aqm-n203;  24.30;  36.39;   411;   598;     6;     2;     2;     0;   -61;   -61;   7.8; drag-lps8-01; 7; 7; 125000; 302
2022-09-17 03:03:22; hka-aqm-n203;  24.28;  36.45;   426;   609;     6;     2;     2;     0;   -60;   -60;   8.5; drag-lps8-01; 4; 7; 125000; 303
2022-09-17 03:18:29; hka-aqm-n203;  24.29;  36.65;   424;   619;     9;     3;     2;     0;   -63;   -63;  10.2; drag-lps8-01; 0; 7; 125000; 304
2022-09-17 03:33:35; hka-aqm-n203;  24.26;  36.79;   415;   633;     6;     0;     2;     0;   -60;   -60;   8.5; drag-lps8-01; 1; 7; 125000; 305
2022-09-17 03:48:41; hka-aqm-n203;  24.23;  36.89;   413;   630;     6;     0;     2;     0;   -63;   -63;   8.8; drag-lps8-01; 3; 7; 125000; 306
2022-09-17 04:03:48; hka-aqm-n203;  24.25;  36.85;   414;   619;     6;     1;     2;     0;   -61;   -61;   8.5; drag-lps8-01; 6; 7; 125000; 307
2022-09-17 04:18:55; hka-aqm-n203;  24.24;  36.82;   415;   596;     9;     3;     2;     0;   -60;   -60;   7.0; drag-lps8-01; 5; 7; 125000; 308
2022-09-17 04:34:01; hka-aqm-n203;  24.25;  37.18;   414;   631;     6;     1;     2;     0;   -66;   -66;   7.2; drag-lps8-01; 2; 7; 125000; 309
2022-09-17 04:49:09; hka-aqm-n203;  24.26;  37.65;   420;   642;     9;     3;     2;     0;   -65;   -65;   6.5; drag-lps8-01; 5; 7; 125000; 310
2022-09-17 05:04:15; hka-aqm-n203;  24.22;  37.91;   425;   624;     6;     1;     2;     0;   -61;   -61;   9.5; drag-lps8-01; 4; 7; 125000; 311
2022-09-17 05:19:21; hka-aqm-n203;  24.22;  37.98;   417;   631;     9;     3;     2;     0;   -63;   -63;   9.2; drag-lps8-01; 0; 7; 125000; 312
2022-09-17 05:34:29; hka-aqm-n203;  24.22;  37.84;   423;   645;     6;     1;     2;     0;   -63;   -63;   9.5; drag-lps8-01; 1; 7; 125000; 313
2022-09-17 05:49:35; hka-aqm-n203;  24.21;  37.84;   418;   606;     9;     3;     2;     0;   -63;   -63;   9.5; drag-lps8-01; 7; 7; 125000; 314
2022-09-17 06:04:41; hka-aqm-n203;  24.21;  37.58;   423;   671;     6;     1;     2;     0;   -64;   -64;   6.5; drag-lps8-01; 2; 7; 125000; 315
2022-09-17 06:19:47; hka-aqm-n203;  24.18;  37.18;   423;   642;     9;     3;     2;     0;   -61;   -61;   8.5; drag-lps8-01; 6; 7; 125000; 316
2022-09-17 06:34:54; hka-aqm-n203;  24.15;  36.82;   426;   586;     6;     1;     2;     0;   -63;   -63;   9.0; drag-lps8-01; 3; 7; 125000; 317
2022-09-17 06:50:00; hka-aqm-n203;  24.18;  36.32;   422;   635;     6;     0;     2;     0;   -60;   -60;   9.2; drag-lps8-01; 4; 7; 125000; 318
2022-09-17 07:05:08; hka-aqm-n203;  24.25;  35.92;   422;   641;     7;     1;     2;     0;   -65;   -65;   6.8; drag-lps8-01; 2; 7; 125000; 319
2022-09-17 07:20:21; hka-aqm-n203;  24.32;  35.59;   415;   619;     7;     1;     2;     0;   -63;   -63;   8.5; drag-lps8-01; 1; 7; 125000; 321
2022-09-17 07:35:28; hka-aqm-n203;  24.35;  35.46;   414;   647;     7;     1;     2;     0;   -61;   -61;   7.0; drag-lps8-01; 5; 7; 125000; 322
2022-09-17 07:50:41; hka-aqm-n203;  24.38;  35.66;   413;   625;    10;     3;     2;     0;   -57;   -57;   9.5; drag-lps8-01; 6; 7; 125000; 324
2022-09-17 08:05:48; hka-aqm-n203;  24.30;  36.65;   416;   645;     8;     1;     2;     0;   -63;   -63;   8.5; drag-lps8-01; 7; 7; 125000; 325
2022-09-17 08:20:55; hka-aqm-n203;  24.32;  37.15;   414;   662;     9;     1;     2;     0;   -61;   -61;   7.0; drag-lps8-01; 2; 7; 125000; 326
2022-09-17 08:36:01; hka-aqm-n203;  24.36;  37.41;   414;   679;     9;     1;     2;     0;   -63;   -63;   9.5; drag-lps8-01; 3; 7; 125000; 327
2022-09-17 08:51:08; hka-aqm-n203;  24.38;  37.65;   422;   664;    10;     2;     2;     0;   -61;   -61;   9.0; drag-lps8-01; 6; 7; 125000; 328
2022-09-17 09:06:15; hka-aqm-n203;  24.37;  37.84;   414;   669;    17;     3;     2;     0;   -60;   -60;   7.0; drag-lps8-01; 5; 7; 125000; 329
2022-09-17 09:21:21; hka-aqm-n203;  24.40;  37.84;   417;   667;    13;     2;     2;     0;   -61;   -61;   9.0; drag-lps8-01; 7; 7; 125000; 330
2022-09-17 09:36:28; hka-aqm-n203;  24.40;  38.04;   418;   680;    29;     8;     2;     0;   -63;   -63;   8.8; drag-lps8-01; 0; 7; 125000; 331
2022-09-17 09:51:34; hka-aqm-n203;  24.40;  38.47;   415;   659;    19;     6;     2;     0;   -60;   -60;   7.5; drag-lps8-01; 4; 7; 125000; 332
2022-09-17 10:06:40; hka-aqm-n203;  24.44;  38.27;   414;   654;    16;     5;     2;     0;   -61;   -61;   9.8; drag-lps8-01; 1; 7; 125000; 333
2022-09-17 10:21:48; hka-aqm-n203;  24.52;  37.25;   412;   677;    37;     9;     2;     0;   -63;   -63;   9.0; drag-lps8-01; 4; 7; 125000; 334
2022-09-17 10:36:55; hka-aqm-n203;  24.49;  37.58;   414;   679;    26;     6;     2;     0;   -61;   -61;   7.8; drag-lps8-01; 3; 7; 125000; 335
2022-09-17 10:52:01; hka-aqm-n203;  24.50;  36.98;   422;   660;    20;     4;     2;     0;   -67;   -67;   7.8; drag-lps8-01; 2; 7; 125000; 336
2022-09-17 11:07:07; hka-aqm-n203;  24.54;  36.39;   413;   663;    31;     7;     2;     0;   -60;   -60;   8.8; drag-lps8-01; 1; 7; 125000; 337
2022-09-17 11:22:13; hka-aqm-n203;  24.71;  36.09;   417;   645;    68;    18;     2;     0;   -60;   -60;   8.0; drag-lps8-01; 5; 7; 125000; 338
2022-09-17 11:31:47; hka-aqm-n203;  24.62;  35.79;   410;   647;   238;    64;     2;     0;   -61;   -61;   8.2; drag-lps8-01; 0; 7; 125000; 339
2022-09-17 11:32:07; hka-aqm-n203;  24.64;  35.82;   409;   641;   329;    85;     0;     0;   -60;   -60;   8.5; drag-lps8-01; 7; 7; 125000; 340
2022-09-17 11:32:27; hka-aqm-n203;  24.66;  35.82;   409;   649;   198;    51;     0;     0;   -60;   -60;   8.0; drag-lps8-01; 6; 7; 125000; 341
2022-09-17 11:32:47; hka-aqm-n203;  24.69;  35.82;   409;   659;   590;   154;     0;     0;   -63;   -63;   8.8; drag-lps8-01; 0; 7; 125000; 342
2022-09-17 11:33:47; hka-aqm-n203;  24.68;  35.82;   412;   665;   290;    73;     1;     0;   -63;   -63;   9.0; drag-lps8-01; 7; 7; 125000; 343
2022-09-17 11:34:08; hka-aqm-n203;  24.63;  35.79;   410;   663;   452;   118;     0;     0;   -63;   -63;  10.0; drag-lps8-01; 3; 7; 125000; 345
2022-09-17 11:35:06; hka-aqm-n203;  24.66;  35.79;   411;   672;   605;   157;     1;     0;   -61;   -61;   8.2; drag-lps8-01; 1; 7; 125000; 346
2022-09-17 11:36:27; hka-aqm-n203;  24.71;  35.72;   412;   656;   231;    59;     1;     0;   -63;   -63;   9.0; drag-lps8-01; 6; 7; 125000; 347
2022-09-17 11:37:27; hka-aqm-n203;  24.69;  35.66;   413;   652;   564;   146;     0;     0;   -61;   -61;   7.2; drag-lps8-01; 2; 7; 125000; 348
2022-09-17 11:37:48; hka-aqm-n203;  24.70;  35.66;   410;   625;   648;   168;     0;     0;   -61;   -61;   8.8; drag-lps8-01; 4; 7; 125000; 349
2022-09-17 11:39:07; hka-aqm-n203;  24.71;  35.52;   406;   649;   523;   136;     0;     0;   -63;   -63;   9.5; drag-lps8-01; 1; 7; 125000; 350
2022-09-17 11:39:26; hka-aqm-n203;  24.72;  35.52;   405;   650;   112;    27;     0;     0;   -63;   -63;   9.8; drag-lps8-01; 3; 7; 125000; 351
2022-09-17 11:42:27; hka-aqm-n203;  24.70;  35.46;   408;   635;   135;    32;     1;     0;   -63;   -63;   6.8; drag-lps8-01; 2; 7; 125000; 352
2022-09-17 11:43:27; hka-aqm-n203;  24.72;  35.52;   409;   651;   208;    50;     1;     0;   -63;   -63;   9.0; drag-lps8-01; 7; 7; 125000; 353
2022-09-17 11:44:26; hka-aqm-n203;  24.76;  35.46;   415;   653;    51;    12;     1;     0;   -61;   -61;   8.2; drag-lps8-01; 6; 7; 125000; 354
2022-09-17 11:46:47; hka-aqm-n203;  24.66;  35.36;   406;   667;   208;    52;     1;     0;   -60;   -60;   7.0; drag-lps8-01; 5; 7; 125000; 355
2022-09-17 11:47:06; hka-aqm-n203;  24.72;  35.32;   406;   665;    45;    11;     1;     0;   -63;   -63;   8.2; drag-lps8-01; 4; 7; 125000; 356
2022-09-17 11:47:46; hka-aqm-n203;  24.75;  35.26;   410;   658;   839;   222;     1;     0;   -62;   -62;   8.2; drag-lps8-01; 0; 7; 125000; 357
2022-09-17 11:48:25; hka-aqm-n203;  24.75;  35.16;   412;   662;    46;    11;     1;     0;   -63;   -63;   9.8; drag-lps8-01; 1; 7; 125000; 358
2022-09-17 11:50:47; hka-aqm-n203;  24.78;  35.26;   410;   659;   677;   177;     0;     0;   -61;   -61;   6.2; drag-lps8-01; 5; 7; 125000; 359
2022-09-17 11:51:06; hka-aqm-n203;  24.82;  35.12;   407;   657;   814;   215;     0;     0;   -65;   -65;  10.2; drag-lps8-01; 7; 7; 125000; 360
2022-09-17 11:51:27; hka-aqm-n203;  24.83;  35.12;   405;   656;   463;   119;     0;     0;   -65;   -65;   9.8; drag-lps8-01; 3; 7; 125000; 361
2022-09-17 11:52:08; hka-aqm-n203;  24.88;  35.06;   403;   639;   265;    67;     0;     0;   -61;   -61;   9.0; drag-lps8-01; 6; 7; 125000; 362
2022-09-17 11:53:07; hka-aqm-n203;  24.87;  35.12;   402;   648;   156;    40;     1;     0;   -63;   -63;   9.8; drag-lps8-01; 4; 7; 125000; 363
2022-09-17 11:53:46; hka-aqm-n203;  24.83;  35.19;   402;   658;    57;    14;     1;     0;   -61;   -61;   7.2; drag-lps8-01; 2; 7; 125000; 364
2022-09-17 11:56:28; hka-aqm-n203;  24.84;  35.62;   407;   621;   125;    35;     1;     0;   -65;   -65;  10.2; drag-lps8-01; 1; 7; 125000; 366
2022-09-17 11:59:06; hka-aqm-n203;  24.85;  35.46;   410;   651;   150;    41;     0;     0;   -60;   -60;   8.0; drag-lps8-01; 4; 7; 125000; 367
2022-09-17 12:13:47; hka-aqm-n203;  24.74;  35.66;   405;   618;   173;    44;     1;     0;   -66;   -66;   9.0; drag-lps8-01; 3; 7; 125000; 368
2022-09-17 12:14:27; hka-aqm-n203;  24.79;  35.59;   408;   626;    68;    17;     1;     0;   -63;   -63;   8.0; drag-lps8-01; 5; 7; 125000; 369
2022-09-17 12:15:47; hka-aqm-n203;  24.82;  35.46;   408;   627;    84;    20;     1;     0;   -62;   -62;   8.2; drag-lps8-01; 6; 7; 125000; 370
2022-09-17 12:22:05; hka-aqm-n203;  24.81;  35.52;   410;   647;   185;    45;     2;     0;   -65;   -65;   8.0; drag-lps8-01; 7; 7; 125000; 371
2022-09-17 12:22:25; hka-aqm-n203;  24.83;  35.46;   408;   653;   563;   146;     0;     0;   -64;   -64;   7.2; drag-lps8-01; 2; 7; 125000; 372
2022-09-17 12:22:46; hka-aqm-n203;  24.81;  35.39;   407;   657;   166;    41;     0;     0;   -64;   -64;   8.0; drag-lps8-01; 0; 7; 125000; 373
2022-09-17 12:23:08; hka-aqm-n203;  24.75;  35.39;   405;   657;    55;    13;     0;     0;   -60;   -60;   7.8; drag-lps8-01; 4; 7; 125000; 374
2022-09-17 12:27:06; hka-aqm-n203;  24.82;  35.32;   409;   615;   116;    28;     1;     0;   -66;   -66;   9.8; drag-lps8-01; 7; 7; 125000; 375
2022-09-17 12:27:26; hka-aqm-n203;  24.80;  35.26;   407;   617;   222;    54;     1;     0;   -66;   -66;   9.0; drag-lps8-01; 0; 7; 125000; 376
2022-09-17 12:27:46; hka-aqm-n203;  24.80;  35.22;   406;   638;   407;   104;     1;     0;   -65;   -65;   9.5; drag-lps8-01; 1; 7; 125000; 377
2022-09-17 12:28:25; hka-aqm-n203;  24.89;  35.12;   409;   613;  1122;   304;     1;     0;   -66;   -66;   9.2; drag-lps8-01; 3; 7; 125000; 378
2022-09-17 12:28:47; hka-aqm-n203;  24.96;  34.99;   407;   618;  1244;   337;     0;     0;   -64;   -64;  10.0; drag-lps8-01; 6; 7; 125000; 379
2022-09-17 12:29:08; hka-aqm-n203;  25.02;  34.89;   406;   603;  1165;   316;     0;     0;   -61;   -61;   7.0; drag-lps8-01; 2; 7; 125000; 380
2022-09-17 12:29:27; hka-aqm-n203;  25.02;  34.86;   405;   626;   899;   241;     0;     0;   -64;   -64;   6.8; drag-lps8-01; 5; 7; 125000; 381
2022-09-17 12:29:46; hka-aqm-n203;  24.99;  34.82;   404;   633;  1187;   322;     0;     0;   -65;   -65;  10.0; drag-lps8-01; 0; 7; 125000; 382
2022-09-17 12:30:06; hka-aqm-n203;  25.06;  34.79;   403;   580;   721;   190;     0;     0;   -64;   -64;   7.0; drag-lps8-01; 2; 7; 125000; 383
2022-09-17 12:30:26; hka-aqm-n203;  25.06;  34.79;   403;   597;   823;   219;     1;     0;   -64;   -64;   8.8; drag-lps8-01; 1; 7; 125000; 384
2022-09-17 12:30:47; hka-aqm-n203;  25.01;  34.72;   403;   622;   403;   103;     1;     0;   -64;   -64;   7.0; drag-lps8-01; 5; 7; 125000; 385
2022-09-17 12:31:06; hka-aqm-n203;  25.07;  34.79;   403;   639;  1253;   340;     1;     0;   -63;   -63;   8.2; drag-lps8-01; 4; 7; 125000; 387
2022-09-17 12:31:27; hka-aqm-n203;  25.06;  34.86;   403;   623;   169;    44;     1;     0;   -64;   -64;   8.8; drag-lps8-01; 7; 7; 125000; 389
2022-09-17 12:31:47; hka-aqm-n203;  25.00;  34.89;   403;   631;    84;    21;     0;     0;   -63;   -63;   9.0; drag-lps8-01; 4; 7; 125000; 391
2022-09-17 12:33:06; hka-aqm-n203;  24.89;  35.06;   403;   648;   343;    91;     0;     0;   -61;   -61;   8.2; drag-lps8-01; 0; 7; 125000; 393
2022-09-17 12:33:27; hka-aqm-n203;  25.01;  34.96;   403;   659;  1375;   373;     0;     0;   -67;   -67;   7.0; drag-lps8-01; 5; 7; 125000; 394
2022-09-17 12:33:46; hka-aqm-n203;  25.10;  34.86;   403;   663;   568;   148;     0;     0;   -61;   -61;   8.8; drag-lps8-01; 3; 7; 125000; 395
2022-09-17 12:34:07; hka-aqm-n203;  24.98;  34.99;   403;   654;    69;    19;     0;     0;   -61;   -61;   8.2; drag-lps8-01; 1; 7; 125000; 396
2022-09-17 12:49:13; hka-aqm-n203;  24.75;  34.32;   404;   631;    16;     3;     1;     0;   -63;   -63;   8.8; drag-lps8-01; 7; 7; 125000; 397
2022-09-17 13:04:19; hka-aqm-n203;  24.73;  34.52;   405;   621;    25;     6;     1;     0;   -66;   -66;   7.5; drag-lps8-01; 2; 7; 125000; 398
2022-09-17 13:19:27; hka-aqm-n203;  24.66;  34.12;   404;   613;    17;     3;     2;     0;   -59;   -59;   7.0; drag-lps8-01; 5; 7; 125000; 399
2022-09-17 13:34:34; hka-aqm-n203;  24.74;  34.12;   402;   618;    47;    11;     2;     0;   -63;   -63;   8.8; drag-lps8-01; 0; 7; 125000; 400
2022-09-17 13:40:08; hka-aqm-n203;  24.68;  33.79;   404;   614;   447;   114;     2;     0;   -61;   -61;   9.2; drag-lps8-01; 4; 7; 125000; 401
2022-09-17 13:40:27; hka-aqm-n203;  24.70;  33.79;   404;   624;   594;   152;     0;     0;   -60;   -60;   9.5; drag-lps8-01; 6; 7; 125000; 402
2022-09-17 13:41:05; hka-aqm-n203;  24.73;  33.72;   407;   619;   311;    78;     0;     0;   -61;   -61;   8.2; drag-lps8-01; 3; 7; 125000; 403
2022-09-17 13:41:47; hka-aqm-n203;  24.79;  33.82;   408;   638;    47;    11;     0;     0;   -63;   -63;   9.8; drag-lps8-01; 1; 7; 125000; 404
2022-09-17 13:56:54; hka-aqm-n203;  24.70;  34.36;   402;   601;     8;     1;     1;     0;   -61;   -61;   8.2; drag-lps8-01; 7; 7; 125000; 405
2022-09-17 14:12:00; hka-aqm-n203;  24.68;  36.25;   399;   635;    11;     2;     1;     0;   -61;   -61;   6.5; drag-lps8-01; 5; 7; 125000; 406
2022-09-17 14:27:07; hka-aqm-n203;  24.66;  37.71;   401;   642;    21;     4;     1;     0;   -64;   -64;   7.2; drag-lps8-01; 2; 7; 125000; 407
2022-09-17 14:42:20; hka-aqm-n203;  24.76;  39.30;   408;   646;    45;    11;     1;     0;   -59;   -59;   8.2; drag-lps8-01; 4; 7; 125000; 409
2022-09-17 14:49:27; hka-aqm-n203;  24.68;  39.76;   406;   678;   134;    31;     1;     0;   -63;   -63;  10.8; drag-lps8-01; 1; 7; 125000; 410
2022-09-17 14:49:46; hka-aqm-n203;  24.67;  39.89;   404;   676;    45;    11;     0;     0;   -63;   -63;  10.2; drag-lps8-01; 3; 7; 125000; 411
2022-09-17 14:50:26; hka-aqm-n203;  24.70;  39.95;   402;   684;   124;    29;     0;     0;   -65;   -65;   9.2; drag-lps8-01; 0; 7; 125000; 412
2022-09-17 14:51:07; hka-aqm-n203;  24.77;  39.89;   402;   677;   283;    69;     1;     0;   -61;   -61;   8.8; drag-lps8-01; 1; 7; 125000; 414
2022-09-17 14:51:26; hka-aqm-n203;  24.78;  39.85;   402;   678;   460;   113;     0;     0;   -63;   -63;   9.2; drag-lps8-01; 0; 7; 125000; 416
2022-09-17 14:51:47; hka-aqm-n203;  24.72;  39.89;   402;   676;   529;   129;     0;     0;   -63;   -63;   9.2; drag-lps8-01; 7; 7; 125000; 417
2022-09-17 14:52:07; hka-aqm-n203;  24.79;  39.89;   402;   670;   382;    93;     0;     0;   -61;   -61;   7.8; drag-lps8-01; 4; 7; 125000; 418
2022-09-17 14:52:46; hka-aqm-n203;  24.79;  39.89;   402;   689;   252;    60;     1;     0;   -61;   -61;   7.0; drag-lps8-01; 2; 7; 125000; 419
2022-09-17 14:53:47; hka-aqm-n203;  24.77;  40.02;   410;   681;   467;   113;     1;     0;   -67;   -67;   6.5; drag-lps8-01; 5; 7; 125000; 420
2022-09-17 14:54:46; hka-aqm-n203;  24.80;  40.02;   404;   670;   525;   126;     1;     0;   -60;   -60;   8.0; drag-lps8-01; 6; 7; 125000; 421
2022-09-17 14:55:07; hka-aqm-n203;  24.82;  40.02;   403;   671;   457;   110;     1;     0;   -63;   -63;   9.0; drag-lps8-01; 0; 7; 125000; 422
2022-09-17 14:55:47; hka-aqm-n203;  24.83;  40.05;   402;   668;   321;    78;     0;     0;   -60;   -60;   8.2; drag-lps8-01; 6; 7; 125000; 423
2022-09-17 14:56:27; hka-aqm-n203;  24.88;  40.08;   402;   641;   252;    60;     0;     0;   -63;   -63;   9.8; drag-lps8-01; 4; 7; 125000; 424
2022-09-17 14:57:05; hka-aqm-n203;  24.82;  40.15;   406;   645;   142;    34;     0;     0;   -63;   -63;   7.0; drag-lps8-01; 2; 7; 125000; 425
2022-09-17 14:57:27; hka-aqm-n203;  24.83;  40.08;   404;   658;    59;    14;     0;     0;   -60;   -60;   8.8; drag-lps8-01; 1; 7; 125000; 426
2022-09-17 15:12:33; hka-aqm-n203;  24.79;  40.58;   412;   681;    62;    16;     2;     0;   -61;   -61;   8.2; drag-lps8-01; 7; 7; 125000; 427
2022-09-17 15:27:39; hka-aqm-n203;  24.76;  41.13;   409;   663;    33;     7;     2;     0;   -65;   -65;   7.8; drag-lps8-01; 5; 7; 125000; 428
2022-09-17 15:42:46; hka-aqm-n203;  24.81;  40.84;   401;   675;    24;     5;     2;     0;   -63;   -63;   9.2; drag-lps8-01; 3; 7; 125000; 429
2022-09-17 15:57:52; hka-aqm-n203;  24.75;  39.95;   399;   645;    32;     8;     2;     0;   -67;   -67;   7.0; drag-lps8-01; 5; 7; 125000; 430
2022-09-17 16:12:59; hka-aqm-n203;  24.74;  37.02;   404;   659;    13;     4;     2;     0;   -63;   -63;   9.5; drag-lps8-01; 7; 7; 125000; 431
2022-09-17 16:28:08; hka-aqm-n203;  24.76;  36.12;   402;   643;    25;     6;     2;     0;   -64;   -64;   7.0; drag-lps8-01; 2; 7; 125000; 432
2022-09-17 16:43:14; hka-aqm-n203;  24.70;  35.86;   404;   683;    18;     3;     2;     0;   -63;   -63;  10.2; drag-lps8-01; 3; 7; 125000; 433
2022-09-17 16:58:20; hka-aqm-n203;  24.75;  35.32;   412;   643;    17;     4;     2;     0;   -63;   -63;   8.8; drag-lps8-01; 0; 7; 125000; 434
2022-09-17 17:13:28; hka-aqm-n203;  24.71;  34.86;   409;   627;    11;     2;     2;     0;   -60;   -60;   8.8; drag-lps8-01; 4; 7; 125000; 435
2022-09-17 17:28:40; hka-aqm-n203;  24.74;  35.19;   406;   630;    19;     4;     2;     0;   -61;   -61;   9.0; drag-lps8-01; 1; 7; 125000; 437
2022-09-17 17:43:47; hka-aqm-n203;  24.70;  35.69;   405;   639;    14;     3;     2;     0;   -63;   -63;   6.8; drag-lps8-01; 2; 7; 125000; 438
2022-09-17 17:59:00; hka-aqm-n203;  24.74;  35.59;   409;   643;     7;     1;     2;     0;   -61;   -61;  10.2; drag-lps8-01; 1; 7; 125000; 440
2022-09-17 18:14:08; hka-aqm-n203;  24.73;  36.52;   404;   612;     7;     1;     2;     0;   -63;   -63;   9.2; drag-lps8-01; 3; 7; 125000; 441
2022-09-17 18:29:14; hka-aqm-n203;  24.73;  38.34;   405;   642;     8;     1;     2;     0;   -66;   -66;   7.5; drag-lps8-01; 5; 7; 125000; 442
2022-09-17 18:44:20; hka-aqm-n203;  24.70;  39.69;   407;   658;     8;     1;     2;     0;   -61;   -61;   8.8; drag-lps8-01; 6; 7; 125000; 443
2022-09-17 18:59:28; hka-aqm-n203;  24.71;  39.56;   407;   687;    10;     3;     2;     0;   -63;   -63;   8.8; drag-lps8-01; 7; 7; 125000; 444
2022-09-17 19:14:34; hka-aqm-n203;  24.69;  40.05;   402;   656;     7;     1;     2;     0;   -63;   -63;   9.5; drag-lps8-01; 0; 7; 125000; 445
2022-09-17 19:29:40; hka-aqm-n203;  24.68;  40.28;   402;   658;     7;     1;     2;     0;   -61;   -61;   9.8; drag-lps8-01; 6; 7; 125000; 446
2022-09-17 19:44:47; hka-aqm-n203;  24.67;  40.71;   416;   651;     9;     3;     2;     0;   -67;   -67;   7.2; drag-lps8-01; 5; 7; 125000; 447
2022-09-17 19:59:54; hka-aqm-n203;  24.65;  41.07;   406;   655;     6;     0;     2;     0;   -59;   -59;   8.5; drag-lps8-01; 4; 7; 125000; 448
2022-09-17 20:15:00; hka-aqm-n203;  24.69;  41.40;   410;   662;     6;     0;     2;     0;   -61;   -61;   9.2; drag-lps8-01; 7; 7; 125000; 449
2022-09-17 20:30:08; hka-aqm-n203;  24.64;  39.10;   409;   647;     6;     2;     2;     0;   -63;   -63;   9.8; drag-lps8-01; 3; 7; 125000; 450
2022-09-17 20:45:14; hka-aqm-n203;  24.64;  38.51;   411;   624;     9;     3;     2;     0;   -67;   -67;   7.2; drag-lps8-01; 2; 7; 125000; 451
2022-09-17 21:00:20; hka-aqm-n203;  24.58;  38.64;   404;   632;     6;     0;     2;     0;   -63;   -63;   9.2; drag-lps8-01; 1; 7; 125000; 452
2022-09-17 21:15:27; hka-aqm-n203;  24.54;  38.93;   407;   615;     6;     0;     2;     0;   -63;   -63;   8.5; drag-lps8-01; 0; 7; 125000; 453
2022-09-17 21:30:34; hka-aqm-n203;  24.50;  39.16;   413;   645;     9;     3;     2;     0;   -61;   -61;   7.2; drag-lps8-01; 5; 7; 125000; 454
2022-09-17 21:45:40; hka-aqm-n203;  24.52;  39.39;   409;   624;     9;     3;     1;     0;   -65;   -65;   9.5; drag-lps8-01; 0; 7; 125000; 455
2022-09-17 22:00:47; hka-aqm-n203;  24.51;  39.82;   447;   609;     6;     2;     2;     0;   -63;   -63;   9.2; drag-lps8-01; 6; 7; 125000; 456
2022-09-17 22:15:53; hka-aqm-n203;  24.58;  39.59;   411;   592;     6;     1;     2;     0;   -64;   -64;   7.2; drag-lps8-01; 2; 7; 125000; 457
2022-09-17 22:31:00; hka-aqm-n203;  24.53;  39.82;   419;   573;     6;     1;     1;     0;   -63;   -63;   9.0; drag-lps8-01; 4; 7; 125000; 458
2022-09-17 22:46:06; hka-aqm-n203;  24.46;  39.99;   411;   613;     6;     0;     2;     0;   -63;   -63;  10.0; drag-lps8-01; 1; 7; 125000; 459
2022-09-17 23:01:19; hka-aqm-n203;  24.42;  40.02;   411;   577;     6;     1;     2;     0;   -64;   -64;   9.5; drag-lps8-01; 7; 7; 125000; 461
2022-09-17 23:16:32; hka-aqm-n203;  24.41;  39.89;   417;   601;     6;     0;     2;     0;   -63;   -63;  10.0; drag-lps8-01; 3; 7; 125000; 463
2022-09-17 23:31:39; hka-aqm-n203;  24.39;  39.69;   408;   596;     6;     1;     2;     0;   -65;   -65;   6.5; drag-lps8-01; 2; 7; 125000; 464
2022-09-17 23:46:47; hka-aqm-n203;  24.39;  39.59;   413;   590;     6;     2;     2;     0;   -63;   -63;   8.8; drag-lps8-01; 0; 7; 125000; 465
