# Logfile LoRaWAN TTN/TTS V3 logger version hka-log V 1.1
date_time;device_id;tmp;hum;CO2;VOC;vis;IR;WIFI;BLE;rssi;channel_rssi;snr;gateway;channel_index;spreading_factor;bandwidth;f_cnt
2023-05-26 00:05:25; hka-aqm-n203;  21.76;  47.94;   456;   910;     7;     1;     4;    13;   -90;   -90;  10.5; drag-lps8-01; 0; 8; 125000; 12976
2023-05-26 00:20:31; hka-aqm-n203;  21.74;  47.97;   465;   951;     7;     1;     1;     0;   -88;   -88;   8.0; drag-lps8-01; 5; 8; 125000; 12977
2023-05-26 00:35:37; hka-aqm-n203;  21.72;  47.81;   451;   899;     7;     1;     1;     0;   -91;   -91;  11.5; drag-lps8-01; 4; 8; 125000; 12978
2023-05-26 00:50:44; hka-aqm-n203;  21.68;  47.74;   455;   878;     7;     1;     4;    13;   -91;   -91;  11.2; drag-lps8-01; 6; 8; 125000; 12979
2023-05-26 01:05:50; hka-aqm-n203;  21.66;  47.58;   452;   909;     7;     1;     1;     0;   -90;   -90;   7.8; drag-lps8-01; 2; 8; 125000; 12980
2023-05-26 01:20:56; hka-aqm-n203;  21.60;  47.52;   466;   894;     7;     1;     0;     0;   -91;   -91;  10.2; drag-lps8-01; 7; 8; 125000; 12981
2023-05-26 01:36:05; hka-aqm-n203;  21.60;  47.46;   455;   937;     7;     1;     4;    13;   -91;   -91;  11.0; drag-lps8-01; 1; 8; 125000; 12982
2023-05-26 01:51:11; hka-aqm-n203;  21.58;  47.55;   458;   917;     7;     1;     1;     0;   -90;   -90;  10.0; drag-lps8-01; 0; 8; 125000; 12983
2023-05-26 02:06:17; hka-aqm-n203;  21.51;  47.81;   456;   907;     9;     3;     0;     0;   -93;   -93;  11.2; drag-lps8-01; 3; 8; 125000; 12984
2023-05-26 02:21:23; hka-aqm-n203;  21.56;  47.68;   463;   933;     7;     1;     4;    13;   -91;   -91;  11.2; drag-lps8-01; 7; 8; 125000; 12985
2023-05-26 02:36:30; hka-aqm-n203;  21.58;  47.36;   465;   935;     7;     1;     0;     0;   -90;   -90;   8.0; drag-lps8-01; 2; 8; 125000; 12986
2023-05-26 02:51:36; hka-aqm-n203;  21.53;  47.10;   447;   959;     7;     1;     1;     0;   -90;   -90;   9.2; drag-lps8-01; 5; 8; 125000; 12987
2023-05-26 03:06:43; hka-aqm-n203;  21.52;  46.97;   453;   945;     7;     1;     4;    13;   -88;   -88;  10.5; drag-lps8-01; 6; 8; 125000; 12988
2023-05-26 03:21:50; hka-aqm-n203;  21.48;  47.01;   451;   940;     7;     1;     0;     0;   -93;   -93;  10.2; drag-lps8-01; 3; 8; 125000; 12989
2023-05-26 03:36:56; hka-aqm-n203;  21.47;  47.04;   451;   939;     9;     3;     2;     0;   -91;   -91;  11.8; drag-lps8-01; 0; 8; 125000; 12990
2023-05-26 03:52:03; hka-aqm-n203;  21.46;  46.94;   450;   917;     7;     1;     4;    13;   -91;   -91;  12.0; drag-lps8-01; 4; 8; 125000; 12991
2023-05-26 04:07:10; hka-aqm-n203;  21.50;  46.72;   453;   900;     7;     1;     1;     0;   -88;   -88;   9.5; drag-lps8-01; 1; 8; 125000; 12992
2023-05-26 04:22:16; hka-aqm-n203;  21.40;  46.52;   448;   828;     7;     1;     0;     0;   -91;   -91;  11.8; drag-lps8-01; 7; 8; 125000; 12993
2023-05-26 04:37:23; hka-aqm-n203;  21.42;  46.27;   448;   900;     7;     1;     4;    13;   -90;   -90;  11.2; drag-lps8-01; 1; 8; 125000; 12994
2023-05-26 04:52:29; hka-aqm-n203;  21.41;  46.33;   444;   926;     9;     3;     1;     0;   -90;   -90;   8.2; drag-lps8-01; 2; 8; 125000; 12995
2023-05-26 05:07:36; hka-aqm-n203;  21.41;  46.27;   451;   924;     7;     1;     0;     0;   -91;   -91;  12.0; drag-lps8-01; 4; 8; 125000; 12996
2023-05-26 05:22:44; hka-aqm-n203;  21.41;  46.17;   455;   925;     7;     1;     4;    13;   -90;   -90;  10.8; drag-lps8-01; 6; 8; 125000; 12997
2023-05-26 05:37:51; hka-aqm-n203;  21.45;  45.81;   448;   856;    10;     3;     1;     0;   -91;   -91;  10.8; drag-lps8-01; 3; 8; 125000; 12998
2023-05-26 05:52:57; hka-aqm-n203;  21.44;  45.62;   447;   959;     7;     1;     1;     0;   -90;   -90;   7.8; drag-lps8-01; 5; 8; 125000; 12999
2023-05-26 06:08:03; hka-aqm-n203;  21.40;  45.56;   451;   998;     7;     1;     4;    13;   -89;   -89;  10.0; drag-lps8-01; 0; 8; 125000; 13000
2023-05-26 06:23:09; hka-aqm-n203;  21.43;  45.43;   446;   967;     8;     1;     1;     0;   -91;   -91;   8.5; drag-lps8-01; 5; 8; 125000; 13001
2023-05-26 06:38:16; hka-aqm-n203;  21.36;  45.85;   447;   958;     8;     1;     2;     0;   -90;   -90;  11.0; drag-lps8-01; 4; 8; 125000; 13002
2023-05-26 06:53:24; hka-aqm-n203;  21.30;  46.30;   450;   976;     8;     1;     4;    13;   -90;   -90;  10.5; drag-lps8-01; 3; 8; 125000; 13003
2023-05-26 07:08:30; hka-aqm-n203;  21.31;  46.39;   447;   927;     9;     1;     2;     0;   -90;   -90;  11.2; drag-lps8-01; 6; 8; 125000; 13004
2023-05-26 07:23:36; hka-aqm-n203;  21.30;  46.56;   455;   933;    12;     4;     0;     0;   -89;   -89;  10.2; drag-lps8-01; 1; 8; 125000; 13005
2023-05-26 07:38:43; hka-aqm-n203;  21.28;  46.72;   451;   946;    10;     2;     4;    13;   -89;   -89;  11.0; drag-lps8-01; 7; 8; 125000; 13006
2023-05-26 07:53:50; hka-aqm-n203;  21.30;  46.94;   451;   928;    13;     4;     1;     0;   -89;   -89;   8.0; drag-lps8-01; 2; 8; 125000; 13007
2023-05-26 08:08:56; hka-aqm-n203;  21.32;  47.13;   448;   993;    10;     2;     1;     0;   -87;   -87;   9.8; drag-lps8-01; 0; 8; 125000; 13008
2023-05-26 08:24:04; hka-aqm-n203;  21.27;  47.78;   445;   965;    11;     2;     1;     0;   -89;   -89;   9.2; drag-lps8-01; 7; 8; 125000; 13009
2023-05-26 08:39:11; hka-aqm-n203;  21.28;  47.26;   436;   922;    14;     5;     1;     0;   -87;   -87;  11.0; drag-lps8-01; 1; 8; 125000; 13010
2023-05-26 08:54:17; hka-aqm-n203;  21.35;  47.20;   439;   879;    11;     3;     1;     0;   -87;   -87;   9.5; drag-lps8-01; 6; 8; 125000; 13011
2023-05-26 09:09:24; hka-aqm-n203;  21.32;  47.17;   437;   862;    11;     3;     0;     0;   -85;   -85;   7.8; drag-lps8-01; 2; 8; 125000; 13012
2023-05-26 09:24:30; hka-aqm-n203;  21.36;  47.36;   435;   815;    14;     5;     1;     0;   -90;   -90;  11.8; drag-lps8-01; 4; 8; 125000; 13013
2023-05-26 09:39:37; hka-aqm-n203;  21.56;  47.17;   469;   968;    48;    13;     3;    14;   -89;   -89;  10.8; drag-lps8-01; 3; 8; 125000; 13014
2023-05-26 09:54:43; hka-aqm-n203;  21.91;  47.26;   552;  1093;    49;    13;     4;    16;   -89;   -89;   8.8; drag-lps8-01; 5; 8; 125000; 13015
2023-05-26 10:10:04; hka-aqm-n203;  22.12;  47.17;   585;  1144;    50;    13;     4;    16;   -90;   -90;  10.5; drag-lps8-01; 1; 8; 125000; 13017
2023-05-26 10:25:10; hka-aqm-n203;  22.21;  47.20;   581;  1098;    51;    14;     1;    15;   -88;   -88;   9.0; drag-lps8-01; 6; 8; 125000; 13018
2023-05-26 10:40:17; hka-aqm-n203;  22.28;  47.23;   576;  1138;    50;    14;     1;    13;   -89;   -89;   9.0; drag-lps8-01; 2; 8; 125000; 13019
2023-05-26 10:55:24; hka-aqm-n203;  22.28;  47.52;   589;  1132;    52;    16;     3;    17;   -85;   -85;   8.5; drag-lps8-01; 5; 8; 125000; 13020
2023-05-26 11:10:30; hka-aqm-n203;  22.34;  47.71;   584;  1190;    50;    14;     1;     9;   -89;   -89;  11.2; drag-lps8-01; 4; 8; 125000; 13021
2023-05-26 11:25:36; hka-aqm-n203;  22.30;  47.78;   562;  1050;    34;    15;     0;     0;   -89;   -89;  11.5; drag-lps8-01; 0; 8; 125000; 13022
2023-05-26 11:40:44; hka-aqm-n203;  21.96;  48.61;   468;   853;    32;    13;     0;     0;   -88;   -88;   9.8; drag-lps8-01; 7; 8; 125000; 13023
2023-05-26 11:55:50; hka-aqm-n203;  21.38;  49.89;   448;   711;    35;    15;     4;    19;   -90;   -90;  10.2; drag-lps8-01; 3; 8; 125000; 13024
2023-05-26 12:10:57; hka-aqm-n203;  21.36;  50.78;   435;   737;    32;    13;     0;     0;   -89;   -89;  10.2; drag-lps8-01; 7; 8; 125000; 13025
2023-05-26 12:26:03; hka-aqm-n203;  21.38;  50.75;   430;   721;    32;    13;     4;    19;   -89;   -89;   9.8; drag-lps8-01; 3; 8; 125000; 13026
2023-05-26 12:41:09; hka-aqm-n203;  21.39;  51.00;   431;   700;    33;    13;     4;    19;   -87;   -87;   8.8; drag-lps8-01; 5; 8; 125000; 13027
2023-05-26 12:56:15; hka-aqm-n203;  21.33;  50.62;   427;   698;    33;    13;     4;    19;   -87;   -87;   8.5; drag-lps8-01; 2; 8; 125000; 13028
2023-05-26 13:11:23; hka-aqm-n203;  21.35;  50.94;   423;   640;    33;    13;     4;    19;   -89;   -89;  11.2; drag-lps8-01; 0; 8; 125000; 13029
2023-05-26 13:26:29; hka-aqm-n203;  21.30;  51.41;   430;   625;    33;    13;     4;    19;   -84;   -84;  11.0; drag-lps8-01; 4; 8; 125000; 13030
2023-05-26 13:41:35; hka-aqm-n203;  21.28;  51.03;   426;   623;    34;    13;     1;     0;   -89;   -89;  11.8; drag-lps8-01; 1; 8; 125000; 13031
2023-05-26 13:56:42; hka-aqm-n203;  21.32;  50.75;   432;   636;    35;    14;     4;    19;   -84;   -84;  10.2; drag-lps8-01; 6; 8; 125000; 13032
2023-05-26 14:11:49; hka-aqm-n203;  21.27;  50.68;   428;   658;    33;    13;     1;     0;   -87;   -87;   8.0; drag-lps8-01; 5; 8; 125000; 13033
2023-05-26 14:26:55; hka-aqm-n203;  21.30;  49.95;   425;   691;    19;     5;     4;    19;   -89;   -89;  10.8; drag-lps8-01; 3; 8; 125000; 13034
2023-05-26 14:42:04; hka-aqm-n203;  21.29;  51.00;   424;   711;    34;    12;     2;     0;   -87;   -87;  10.5; drag-lps8-01; 6; 8; 125000; 13035
2023-05-26 14:57:10; hka-aqm-n203;  21.31;  50.36;   427;   691;    45;    19;     1;     0;   -85;   -85;   8.2; drag-lps8-01; 2; 8; 125000; 13036
2023-05-26 15:12:16; hka-aqm-n203;  21.32;  49.89;   424;   695;    45;    17;     0;     0;   -89;   -89;  11.2; drag-lps8-01; 7; 8; 125000; 13037
2023-05-26 15:27:23; hka-aqm-n203;  21.33;  49.98;   421;   689;    47;    17;     4;    19;   -89;   -89;  11.0; drag-lps8-01; 4; 8; 125000; 13038
2023-05-26 15:42:29; hka-aqm-n203;  21.37;  50.43;   421;   757;    26;     6;     1;     0;   -90;   -90;  10.5; drag-lps8-01; 0; 8; 125000; 13039
2023-05-26 15:57:35; hka-aqm-n203;  21.40;  50.56;   422;   715;    55;    18;     4;    19;   -87;   -87;  10.5; drag-lps8-01; 1; 8; 125000; 13040
2023-05-26 16:12:43; hka-aqm-n203;  21.37;  50.17;   427;   790;    55;    17;     4;    19;   -89;   -89;   8.0; drag-lps8-01; 2; 8; 125000; 13041
2023-05-26 16:27:50; hka-aqm-n203;  21.37;  49.47;   417;   778;    61;    19;     0;     0;   -89;   -89;  11.5; drag-lps8-01; 0; 8; 125000; 13042
2023-05-26 16:42:56; hka-aqm-n203;  21.39;  49.28;   423;   768;    60;    18;     4;    19;   -90;   -90;  11.0; drag-lps8-01; 7; 8; 125000; 13043
2023-05-26 16:58:04; hka-aqm-n203;  21.43;  48.77;   430;   768;    75;    22;     4;    19;   -89;   -89;   8.5; drag-lps8-01; 5; 8; 125000; 13044
2023-05-26 17:13:10; hka-aqm-n203;  21.45;  48.23;   419;   769;    84;    26;     4;    19;   -85;   -85;  10.8; drag-lps8-01; 1; 8; 125000; 13045
2023-05-26 17:28:16; hka-aqm-n203;  21.48;  47.94;   419;   750;    91;    26;     4;    19;   -90;   -90;  10.2; drag-lps8-01; 3; 8; 125000; 13046
2023-05-26 17:43:24; hka-aqm-n203;  21.52;  47.81;   423;   831;   106;    30;     4;    19;   -89;   -89;  10.8; drag-lps8-01; 6; 8; 125000; 13047
2023-05-26 17:58:30; hka-aqm-n203;  21.56;  47.58;   423;   729;   132;    38;     4;    19;   -89;   -89;  11.8; drag-lps8-01; 4; 8; 125000; 13048
2023-05-26 18:13:36; hka-aqm-n203;  21.64;  47.17;   419;   811;   132;    39;     4;    19;   -87;   -87;   8.0; drag-lps8-01; 5; 8; 125000; 13049
2023-05-26 18:28:42; hka-aqm-n203;  21.69;  47.04;   421;   781;   166;    50;     4;    19;   -87;   -87;  10.8; drag-lps8-01; 7; 8; 125000; 13050
2023-05-26 18:43:49; hka-aqm-n203;  21.76;  47.17;   420;   790;   218;    68;     1;     0;   -87;   -87;   7.8; drag-lps8-01; 2; 8; 125000; 13051
2023-05-26 18:58:55; hka-aqm-n203;  21.82;  47.13;   420;   737;   242;    78;     4;    19;   -86;   -86;  10.5; drag-lps8-01; 0; 8; 125000; 13052
2023-05-26 19:14:03; hka-aqm-n203;  21.90;  46.39;   428;   677;   203;    65;     1;     0;   -87;   -87;  11.0; drag-lps8-01; 6; 8; 125000; 13053
2023-05-26 19:29:10; hka-aqm-n203;  21.92;  45.68;   425;   686;   148;    46;     4;    19;   -88;   -88;   7.8; drag-lps8-01; 3; 8; 125000; 13054
2023-05-26 19:44:16; hka-aqm-n203;  21.80;  45.68;   430;   670;    47;    13;     4;    19;   -89;   -89;  11.5; drag-lps8-01; 1; 8; 125000; 13055
2023-05-26 19:59:22; hka-aqm-n203;  21.65;  46.36;   422;   735;    18;     4;     4;    19;   -89;   -89;  11.5; drag-lps8-01; 4; 8; 125000; 13056
2023-05-26 20:14:29; hka-aqm-n203;  21.53;  47.49;   426;   794;    17;     4;     4;    19;   -85;   -85;   7.8; drag-lps8-01; 2; 8; 125000; 13057
2023-05-26 20:29:35; hka-aqm-n203;  21.48;  48.19;   432;   799;    12;     2;     4;    19;   -90;   -90;  11.0; drag-lps8-01; 4; 8; 125000; 13058
2023-05-26 20:44:43; hka-aqm-n203;  21.41;  48.45;   431;   795;     9;     1;     4;    19;   -85;   -85;  10.2; drag-lps8-01; 6; 8; 125000; 13059
2023-05-26 20:59:49; hka-aqm-n203;  21.40;  48.64;   430;   861;     8;     1;     4;    19;   -89;   -89;   9.8; drag-lps8-01; 3; 8; 125000; 13060
2023-05-26 21:14:56; hka-aqm-n203;  21.35;  48.83;   424;   890;     7;     1;     4;    19;   -89;   -89;  12.0; drag-lps8-01; 1; 8; 125000; 13061
2023-05-26 21:30:03; hka-aqm-n203;  21.38;  48.77;   434;   915;     7;     1;     4;    19;   -90;   -90;  11.8; drag-lps8-01; 7; 8; 125000; 13062
2023-05-26 21:45:09; hka-aqm-n203;  21.29;  48.90;   430;   875;     7;     1;     4;    19;   -89;   -89;  10.8; drag-lps8-01; 0; 8; 125000; 13063
2023-05-26 22:00:16; hka-aqm-n203;  21.37;  48.74;   433;   966;     7;     1;     1;     0;   -89;   -89;   8.0; drag-lps8-01; 5; 8; 125000; 13064
2023-05-26 22:15:23; hka-aqm-n203;  21.42;  48.51;   441;  1012;     7;     1;     4;    19;   -87;   -87;  10.5; drag-lps8-01; 6; 8; 125000; 13065
2023-05-26 22:30:29; hka-aqm-n203;  21.42;  48.35;   434;  1021;     7;     1;     4;    19;   -87;   -87;   9.0; drag-lps8-01; 0; 8; 125000; 13066
2023-05-26 22:45:36; hka-aqm-n203;  21.44;  48.26;   434;   981;     9;     2;     4;    19;   -87;   -87;   7.5; drag-lps8-01; 2; 8; 125000; 13067
2023-05-26 23:00:43; hka-aqm-n203;  21.40;  48.26;   438;   994;     7;     1;     4;    19;   -84;   -84;   8.5; drag-lps8-01; 5; 8; 125000; 13068
2023-05-26 23:15:49; hka-aqm-n203;  21.40;  48.45;   438;  1001;     7;     1;     4;    19;   -89;   -89;  12.2; drag-lps8-01; 1; 8; 125000; 13069
2023-05-26 23:30:55; hka-aqm-n203;  21.45;  48.35;   440;  1084;     7;     1;     4;    19;   -87;   -87;   9.5; drag-lps8-01; 4; 8; 125000; 13070
2023-05-26 23:46:03; hka-aqm-n203;  21.43;  48.19;   446;  1020;     7;     1;     4;    19;   -89;   -89;  10.2; drag-lps8-01; 7; 8; 125000; 13071
