# Logfile LoRaWAN TTN/TTS V3 logger version hka-log V 1.1
date_time;device_id;tmp;hum;CO2;VOC;vis;IR;WIFI;BLE;rssi;channel_rssi;snr;gateway;channel_index;spreading_factor;bandwidth;f_cnt
2022-09-30 00:07:14; hka-aqm-n009;  22.82;  39.30;   444;   823;     8;     2;     0;     0;   -61;   -61;   9.8; drag-lps8-01; 6; 7; 125000; 1516
2022-09-30 00:22:20; hka-aqm-n009;  22.81;  39.43;   447;   811;     6;     0;     1;     0;   -61;   -61;   9.5; drag-lps8-01; 4; 7; 125000; 1517
2022-09-30 00:37:26; hka-aqm-n009;  22.79;  39.59;   442;   808;     6;     0;     3;     8;   -59;   -59;   9.2; drag-lps8-01; 1; 7; 125000; 1518
2022-09-30 00:52:33; hka-aqm-n009;  22.80;  39.66;   445;   797;     8;     2;     0;     0;   -61;   -61;   8.5; drag-lps8-01; 3; 7; 125000; 1519
2022-09-30 01:07:39; hka-aqm-n009;  22.81;  39.66;   450;   792;     8;     2;     0;     0;   -60;   -60;   6.8; drag-lps8-01; 5; 7; 125000; 1520
2022-09-30 01:22:47; hka-aqm-n009;  22.80;  39.49;   450;   777;     6;     0;     3;     8;   -66;   -66;   8.8; drag-lps8-01; 7; 7; 125000; 1521
2022-09-30 01:37:53; hka-aqm-n009;  22.79;  39.43;   455;   783;     6;     0;     3;     8;   -58;   -58;   6.5; drag-lps8-01; 2; 7; 125000; 1522
2022-09-30 01:53:00; hka-aqm-n009;  22.78;  39.36;   441;   784;     6;     0;     0;     0;   -61;   -61;   9.2; drag-lps8-01; 0; 7; 125000; 1523
2022-09-30 02:08:07; hka-aqm-n009;  22.81;  39.36;   445;   747;     7;     1;     3;     8;   -60;   -60;   8.5; drag-lps8-01; 6; 7; 125000; 1524
2022-09-30 02:23:13; hka-aqm-n009;  22.80;  39.23;   441;   727;     6;     0;     1;     0;   -60;   -60;   9.2; drag-lps8-01; 1; 7; 125000; 1525
2022-09-30 02:38:20; hka-aqm-n009;  22.79;  39.03;   442;   748;     8;     2;     1;     0;   -59;   -59;   7.0; drag-lps8-01; 2; 7; 125000; 1526
2022-09-30 02:53:26; hka-aqm-n009;  22.77;  38.87;   443;   744;     6;     0;     3;     8;   -59;   -59;   6.2; drag-lps8-01; 5; 7; 125000; 1527
2022-09-30 03:08:32; hka-aqm-n009;  22.79;  38.97;   448;   778;     6;     0;     1;     0;   -60;   -60;   8.2; drag-lps8-01; 0; 7; 125000; 1528
2022-09-30 03:23:39; hka-aqm-n009;  22.78;  39.49;   444;   738;     6;     0;     1;     0;   -57;   -57;   8.5; drag-lps8-01; 7; 7; 125000; 1529
2022-09-30 03:38:47; hka-aqm-n009;  22.79;  39.89;   448;   738;     8;     2;     0;     0;   -63;   -63;   8.5; drag-lps8-01; 3; 7; 125000; 1530
2022-09-30 03:53:53; hka-aqm-n009;  22.78;  40.22;   447;   734;     6;     0;     1;     0;   -60;   -60;   8.5; drag-lps8-01; 4; 7; 125000; 1531
2022-09-30 04:09:00; hka-aqm-n009;  22.77;  40.22;   456;   741;     6;     1;     0;     0;   -60;   -60;   7.0; drag-lps8-01; 5; 7; 125000; 1532
2022-09-30 04:24:06; hka-aqm-n009;  22.77;  40.15;   450;   734;     6;     0;     3;     8;   -60;   -60;   9.2; drag-lps8-01; 6; 7; 125000; 1533
2022-09-30 04:39:19; hka-aqm-n009;  22.78;  40.31;   452;   763;     6;     0;     3;     8;   -66;   -66;   9.0; drag-lps8-01; 4; 7; 125000; 1535
2022-09-30 04:54:27; hka-aqm-n009;  22.78;  40.48;   466;   741;     6;     0;     3;     8;   -61;   -61;   9.5; drag-lps8-01; 1; 7; 125000; 1536
2022-09-30 05:09:40; hka-aqm-n009;  22.78;  40.48;   456;   746;     8;     2;     0;     0;   -59;   -59;   7.0; drag-lps8-01; 2; 7; 125000; 1538
2022-09-30 05:24:47; hka-aqm-n009;  22.76;  40.38;   458;   747;     6;     0;     3;     8;   -60;   -60;   8.2; drag-lps8-01; 0; 7; 125000; 1539
2022-09-30 05:39:53; hka-aqm-n009;  22.77;  40.28;   460;   733;     6;     0;     3;     8;   -57;   -57;   8.8; drag-lps8-01; 7; 7; 125000; 1540
2022-09-30 05:54:59; hka-aqm-n009;  22.76;  39.95;   453;   739;     6;     1;     1;     0;   -60;   -60;  10.0; drag-lps8-01; 1; 7; 125000; 1541
2022-09-30 06:10:06; hka-aqm-n009;  22.74;  39.72;   457;   730;     6;     0;     3;     8;   -59;   -59;   7.0; drag-lps8-01; 5; 7; 125000; 1542
2022-09-30 06:25:12; hka-aqm-n009;  22.74;  39.76;   463;   735;     6;     0;     3;     8;   -61;   -61;   8.5; drag-lps8-01; 6; 7; 125000; 1543
2022-09-30 06:40:18; hka-aqm-n009;  22.74;  39.92;   460;   732;     6;     0;     0;     0;   -63;   -63;   8.0; drag-lps8-01; 4; 7; 125000; 1544
2022-09-30 06:55:27; hka-aqm-n009;  22.73;  40.22;   466;   756;     6;     0;     3;     8;   -64;   -64;   9.2; drag-lps8-01; 3; 7; 125000; 1545
2022-09-30 07:10:33; hka-aqm-n009;  22.73;  40.35;   466;   783;     6;     0;     3;     8;   -66;   -66;   6.8; drag-lps8-01; 2; 7; 125000; 1546
2022-09-30 07:25:39; hka-aqm-n009;  22.72;  40.41;   464;   824;     8;     2;     1;     0;   -63;   -63;   8.0; drag-lps8-01; 0; 7; 125000; 1547
2022-09-30 07:40:47; hka-aqm-n009;  22.71;  40.41;   467;   810;     7;     1;     3;     8;   -61;   -61;   8.2; drag-lps8-01; 7; 7; 125000; 1548
2022-09-30 07:55:53; hka-aqm-n009;  22.70;  40.54;   459;   815;     8;     2;     0;     0;   -63;   -63;   9.5; drag-lps8-01; 6; 7; 125000; 1549
2022-09-30 08:10:59; hka-aqm-n009;  22.71;  40.61;   453;   830;     7;     1;     1;     0;   -63;   -63;   6.5; drag-lps8-01; 5; 7; 125000; 1550
2022-09-30 08:41:12; hka-aqm-n009;  22.70;  40.81;   454;   845;     9;     2;     3;     8;   -63;   -63;   9.0; drag-lps8-01; 3; 7; 125000; 1552
2022-09-30 08:56:18; hka-aqm-n009;  22.70;  41.07;   454;   836;    10;     3;     1;     0;   -61;   -61;   7.8; drag-lps8-01; 0; 7; 125000; 1553
2022-09-30 09:11:26; hka-aqm-n009;  22.69;  41.23;   452;   872;     8;     1;     1;     0;   -61;   -61;   8.2; drag-lps8-01; 1; 7; 125000; 1554
2022-09-30 09:26:32; hka-aqm-n009;  22.71;  41.56;   452;   804;    11;     3;     1;     0;   -63;   -63;   7.8; drag-lps8-01; 4; 7; 125000; 1555
2022-09-30 09:41:38; hka-aqm-n009;  22.69;  41.92;   445;   801;    10;     2;     3;     8;   -61;   -61;   8.2; drag-lps8-01; 0; 7; 125000; 1556
2022-09-30 09:56:47; hka-aqm-n009;  22.67;  42.28;   447;   781;    10;     3;     3;     8;   -57;   -57;   9.0; drag-lps8-01; 1; 7; 125000; 1557
2022-09-30 10:11:53; hka-aqm-n009;  22.66;  42.70;   441;   773;     9;     1;     3;     8;   -63;   -63;   7.2; drag-lps8-01; 5; 7; 125000; 1558
2022-09-30 10:27:07; hka-aqm-n009;  22.66;  42.80;   437;   783;    10;     1;     3;     8;   -63;   -63;   8.5; drag-lps8-01; 4; 7; 125000; 1560
2022-09-30 10:42:20; hka-aqm-n009;  22.66;  42.90;   448;   765;     8;     1;     3;     8;   -65;   -65;   9.8; drag-lps8-01; 3; 7; 125000; 1562
2022-09-30 10:57:32; hka-aqm-n009;  22.65;  42.90;   438;   783;     8;     1;     3;     8;   -63;   -63;   6.8; drag-lps8-01; 5; 7; 125000; 1564
2022-09-30 11:12:39; hka-aqm-n009;  22.64;  42.90;   441;   757;     9;     1;     3;     8;   -65;   -65;   8.8; drag-lps8-01; 3; 7; 125000; 1565
2022-09-30 11:27:46; hka-aqm-n009;  22.64;  42.96;   436;   751;    10;     2;     3;     8;   -63;   -63;   8.0; drag-lps8-01; 4; 7; 125000; 1566
2022-09-30 11:42:52; hka-aqm-n009;  22.66;  43.25;   439;   840;    17;     3;     1;     0;   -57;   -57;   7.8; drag-lps8-01; 1; 7; 125000; 1567
2022-09-30 11:57:59; hka-aqm-n009;  22.66;  43.45;   439;   782;    19;     4;     3;     8;   -63;   -63;   9.5; drag-lps8-01; 0; 7; 125000; 1568
2022-09-30 12:13:06; hka-aqm-n009;  22.66;  43.94;   442;   789;    21;     5;     3;     8;   -59;   -59;   7.0; drag-lps8-01; 2; 7; 125000; 1569
2022-09-30 12:28:13; hka-aqm-n009;  22.72;  44.46;   439;   791;    19;     4;     1;     1;   -63;   -63;   8.5; drag-lps8-01; 6; 7; 125000; 1570
2022-09-30 12:43:19; hka-aqm-n009;  22.72;  44.13;   439;   801;    16;     3;     3;     8;   -60;   -60;   9.0; drag-lps8-01; 7; 7; 125000; 1571
2022-09-30 12:58:25; hka-aqm-n009;  22.78;  43.77;   440;   760;    21;     6;     1;     0;   -63;   -63;   9.2; drag-lps8-01; 3; 7; 125000; 1572
2022-09-30 13:13:31; hka-aqm-n009;  22.77;  44.16;   434;   779;    20;     4;     3;     8;   -63;   -63;   9.5; drag-lps8-01; 6; 7; 125000; 1573
2022-09-30 13:28:38; hka-aqm-n009;  22.80;  44.16;   431;   798;    26;     6;     3;     8;   -63;   -63;   9.0; drag-lps8-01; 4; 7; 125000; 1574
2022-09-30 13:43:46; hka-aqm-n009;  22.84;  43.77;   430;   759;    24;     7;     3;     8;   -63;   -63;   9.2; drag-lps8-01; 7; 7; 125000; 1575
2022-09-30 13:58:53; hka-aqm-n009;  22.83;  43.61;   426;   723;    17;     4;     3;     8;   -58;   -58;   6.5; drag-lps8-01; 2; 7; 125000; 1576
2022-09-30 14:13:59; hka-aqm-n009;  22.86;  43.29;   425;   698;    15;     3;     3;     8;   -61;   -61;  10.5; drag-lps8-01; 0; 7; 125000; 1577
2022-09-30 14:29:06; hka-aqm-n009;  22.88;  42.70;   427;   668;    14;     3;     3;     8;   -59;   -59;   6.0; drag-lps8-01; 5; 7; 125000; 1578
2022-09-30 14:44:13; hka-aqm-n009;  22.90;  42.57;   425;   661;    13;     3;     1;     0;   -55;   -55;   8.2; drag-lps8-01; 1; 7; 125000; 1579
2022-09-30 14:59:19; hka-aqm-n009;  22.92;  41.92;   420;   651;     9;     1;     3;     8;   -61;   -61;   6.5; drag-lps8-01; 5; 7; 125000; 1580
2022-09-30 15:14:26; hka-aqm-n009;  22.91;  41.72;   425;   628;    48;     7;     3;     8;   -59;   -59;   6.0; drag-lps8-01; 2; 7; 125000; 1581
2022-09-30 15:29:39; hka-aqm-n009;  22.95;  40.74;   432;   592;    15;     3;     3;     8;   -64;   -64;   8.5; drag-lps8-01; 7; 7; 125000; 1583
2022-09-30 15:44:52; hka-aqm-n009;  22.96;  40.15;   419;   539;    47;     8;     3;     8;   -65;   -65;  10.2; drag-lps8-01; 3; 7; 125000; 1585
2022-09-30 15:59:58; hka-aqm-n009;  23.01;  39.30;   420;   511;    44;     6;     3;     8;   -60;   -60;   8.5; drag-lps8-01; 0; 7; 125000; 1586
2022-09-30 16:15:05; hka-aqm-n009;  23.05;  38.11;   427;   495;    43;     5;     3;     8;   -58;   -58;   9.0; drag-lps8-01; 4; 7; 125000; 1587
2022-09-30 16:30:11; hka-aqm-n009;  23.09;  37.65;   432;   507;    42;     5;     3;     8;   -58;   -58;   9.2; drag-lps8-01; 3; 7; 125000; 1588
2022-09-30 16:45:18; hka-aqm-n009;  23.13;  37.68;   420;   524;    41;     5;     3;     8;   -60;   -60;   9.8; drag-lps8-01; 7; 7; 125000; 1589
2022-09-30 17:00:25; hka-aqm-n009;  23.14;  37.84;   410;   529;     9;     1;     3;     8;   -58;   -58;  10.2; drag-lps8-01; 1; 7; 125000; 1590
2022-09-30 17:15:31; hka-aqm-n009;  23.14;  38.47;   407;   586;    11;     3;     3;     8;   -58;   -58;   7.5; drag-lps8-01; 5; 7; 125000; 1591
2022-09-30 17:30:38; hka-aqm-n009;  23.12;  38.37;   406;   602;     9;     1;     3;     8;   -58;   -58;   9.8; drag-lps8-01; 6; 7; 125000; 1592
2022-09-30 17:45:45; hka-aqm-n009;  23.10;  38.47;   405;   600;    10;     3;     3;     8;   -59;   -59;   8.2; drag-lps8-01; 0; 7; 125000; 1593
2022-09-30 18:00:51; hka-aqm-n009;  23.09;  38.51;   406;   591;     7;     1;     3;     8;   -58;   -58;   7.8; drag-lps8-01; 2; 7; 125000; 1594
2022-09-30 18:15:58; hka-aqm-n009;  23.06;  39.10;   413;   595;     7;     1;     3;     8;   -58;   -58;   8.8; drag-lps8-01; 4; 7; 125000; 1595
2022-09-30 18:31:06; hka-aqm-n009;  23.03;  39.59;   419;   666;     7;     0;     3;     8;   -58;   -58;   9.5; drag-lps8-01; 6; 7; 125000; 1596
2022-09-30 18:46:12; hka-aqm-n009;  23.01;  40.02;   415;   703;     7;     0;     3;     8;   -59;   -59;   7.8; drag-lps8-01; 7; 7; 125000; 1597
2022-09-30 19:01:19; hka-aqm-n009;  22.99;  40.61;   413;   779;     6;     0;     3;     8;   -58;   -58;  10.2; drag-lps8-01; 1; 7; 125000; 1598
2022-09-30 19:16:26; hka-aqm-n009;  22.96;  40.87;   411;   758;     6;     0;     3;     8;   -58;   -58;   9.8; drag-lps8-01; 4; 7; 125000; 1599
2022-09-30 19:31:32; hka-aqm-n009;  22.92;  41.13;   418;   843;     6;     0;     3;     8;   -59;   -59;   8.8; drag-lps8-01; 3; 7; 125000; 1600
2022-09-30 19:46:38; hka-aqm-n009;  22.94;  41.72;   422;   879;     6;     0;     3;     8;   -57;   -57;   6.5; drag-lps8-01; 2; 7; 125000; 1601
2022-09-30 20:01:46; hka-aqm-n009;  22.89;  41.89;   435;   936;     6;     0;     3;     8;   -57;   -57;   7.0; drag-lps8-01; 5; 7; 125000; 1602
2022-09-30 20:16:52; hka-aqm-n009;  22.88;  42.02;   443;   975;     8;     2;     3;     8;   -60;   -60;   8.5; drag-lps8-01; 0; 7; 125000; 1603
2022-09-30 20:31:58; hka-aqm-n009;  22.86;  42.21;   442;   960;     6;     0;     3;     8;   -58;   -58;   9.5; drag-lps8-01; 4; 7; 125000; 1604
2022-09-30 20:47:06; hka-aqm-n009;  22.84;  42.18;   440;   980;     6;     1;     3;     8;   -59;   -59;   9.0; drag-lps8-01; 7; 7; 125000; 1605
2022-09-30 21:02:19; hka-aqm-n009;  22.85;  42.15;   445;  1016;     6;     0;     3;     8;   -60;   -60;   6.8; drag-lps8-01; 2; 7; 125000; 1607
2022-09-30 21:17:26; hka-aqm-n009;  22.81;  42.02;   445;   992;     6;     0;     3;     8;   -60;   -60;   6.8; drag-lps8-01; 5; 7; 125000; 1608
2022-09-30 21:32:32; hka-aqm-n009;  22.82;  41.95;   447;   996;     6;     0;     3;     8;   -61;   -61;   9.2; drag-lps8-01; 6; 7; 125000; 1609
2022-09-30 21:47:46; hka-aqm-n009;  22.80;  41.92;   451;  1037;     6;     0;     3;     8;   -59;   -59;   8.8; drag-lps8-01; 1; 7; 125000; 1611
2022-09-30 22:02:52; hka-aqm-n009;  22.80;  41.92;   453;  1064;     6;     0;     3;     8;   -58;   -58;   8.5; drag-lps8-01; 4; 7; 125000; 1612
2022-09-30 22:17:58; hka-aqm-n009;  22.78;  41.69;   452;  1039;     8;     2;     3;     8;   -59;   -59;   8.5; drag-lps8-01; 6; 7; 125000; 1613
2022-09-30 22:33:05; hka-aqm-n009;  22.78;  41.66;   456;  1058;     8;     2;     3;     8;   -59;   -59;  10.0; drag-lps8-01; 1; 7; 125000; 1614
2022-09-30 22:48:11; hka-aqm-n009;  22.78;  41.66;   452;  1034;     6;     0;     3;     8;   -60;   -60;   7.8; drag-lps8-01; 7; 7; 125000; 1615
2022-09-30 23:03:17; hka-aqm-n009;  22.76;  41.59;   445;   983;     6;     0;     3;     8;   -58;   -58;   7.8; drag-lps8-01; 5; 7; 125000; 1616
2022-09-30 23:18:25; hka-aqm-n009;  22.78;  41.40;   441;   982;     6;     0;     3;     8;   -58;   -58;   7.2; drag-lps8-01; 2; 7; 125000; 1617
2022-09-30 23:33:32; hka-aqm-n009;  22.78;  41.30;   445;  1045;     6;     0;     3;     8;   -59;   -59;   8.8; drag-lps8-01; 3; 7; 125000; 1618
2022-09-30 23:48:38; hka-aqm-n009;  22.77;  41.30;   444;   987;     6;     0;     3;     8;   -59;   -59;   8.0; drag-lps8-01; 0; 7; 125000; 1619
