# Logfile LoRaWAN TTN/TTS V3 logger version hka-log V 1.1
date_time;device_id;tmp;hum;CO2;VOC;vis;IR;WIFI;BLE;rssi;channel_rssi;snr;gateway;channel_index;spreading_factor;bandwidth;f_cnt
2023-01-18 10:35:58; hka-aqm-n009;  22.18;  36.79;  1002;   797;   310;    79;     0;     7;  -135;  -135; -16.8; drag-lps8-01; 6; 11; 125000; 3
2023-01-18 10:55:19; hka-aqm-n009;  22.14;  34.39;   924;   766;   307;    84;     2;     9;  -136;  -136; -16.8; drag-lps8-01; 2; 11; 125000; 5
2023-01-18 11:15:20; hka-aqm-n009;  21.16;  30.56;   556;   498;   271;    73;     2;     6;  -134;  -134; -16.5; drag-lps8-01; 2; 11; 125000; 9
2023-01-18 11:40:08; hka-aqm-n009;  21.23;  32.99;   600;   662;   370;   102;     0;     8;  -136;  -136; -17.5; drag-lps8-01; 6; 11; 125000; 13
2023-01-18 11:55:15; hka-aqm-n009;  21.45;  33.05;   614;   727;   407;   105;     1;     9;  -136;  -136; -16.2; drag-lps8-01; 5; 11; 125000; 14
2023-01-18 12:25:29; hka-aqm-n009;  21.74;  33.05;   639;   828;   377;    96;     0;     3;  -133;  -133; -15.0; drag-lps8-01; 5; 11; 125000; 16
2023-01-18 12:40:36; hka-aqm-n009;  21.80;  33.12;   637;   837;   345;    90;     0;     3;  -134;  -134; -15.2; drag-lps8-01; 6; 11; 125000; 17
2023-01-18 12:57:13; hka-aqm-n009;  21.83;  33.19;   637;   809;   352;    93;     0;     3;  -136;  -136; -15.0; drag-lps8-01; 0; 11; 125000; 19
2023-01-18 13:12:21; hka-aqm-n009;  21.83;  33.29;   630;   819;   304;    79;     2;    12;  -134;  -134; -15.5; drag-lps8-01; 1; 11; 125000; 20
2023-01-18 13:29:00; hka-aqm-n009;  21.83;  33.39;   629;   809;   250;    66;     2;    12;  -138;  -138; -17.8; drag-lps8-01; 4; 11; 125000; 22
2023-01-18 13:47:08; hka-aqm-n009;  21.80;  33.45;   637;   816;   265;    69;     0;     6;  -133;  -133; -14.8; drag-lps8-01; 5; 11; 125000; 24
2023-01-18 14:03:47; hka-aqm-n009;  21.82;  33.72;   704;   895;   339;    91;     1;     3;  -134;  -134; -15.5; drag-lps8-01; 6; 11; 125000; 26
2023-01-18 14:15:40; hka-aqm-n009;  21.83;  34.06;   744;   940;   306;    84;     2;    12;  -132;  -132; -12.2; drag-lps8-01; 0; 11; 125000; 27
2023-01-18 14:20:12; hka-aqm-n009;  21.86;  34.12;   768;   968;   344;    77;     1;     1;  -136;  -136; -17.0; drag-lps8-01; 6; 11; 125000; 28
2023-01-18 14:28:49; hka-aqm-n009;  21.91;  34.26;   822;  1028;   471;   110;     1;     3;  -137;  -137; -18.2; drag-lps8-01; 1; 11; 125000; 29
2023-01-18 14:33:21; hka-aqm-n009;  21.88;  30.40;   762;   900;   461;   109;     1;     4;  -138;  -138; -17.5; drag-lps8-01; 2; 11; 125000; 30
2023-01-18 14:36:22; hka-aqm-n009;  21.58;  27.62;   582;   485;   395;    84;     0;     3;  -135;  -135; -16.8; drag-lps8-01; 1; 11; 125000; 31
2023-01-18 14:42:24; hka-aqm-n009;  21.25;  26.70;   536;   463;   318;    75;     2;     4;  -134;  -134; -15.0; drag-lps8-01; 6; 11; 125000; 32
2023-01-18 14:49:21; hka-aqm-n009;  20.92;  28.40;   597;   530;   305;    79;     2;     3;  -135;  -135; -14.2; drag-lps8-01; 7; 11; 125000; 33
2023-01-18 14:57:39; hka-aqm-n009;  20.96;  30.36;   587;   597;   247;    60;     1;     3;  -133;  -133; -16.2; drag-lps8-01; 2; 11; 125000; 34
2023-01-18 15:15:48; hka-aqm-n009;  21.26;  30.83;   595;   682;   183;    46;     0;     1;  -134;  -134; -14.5; drag-lps8-01; 6; 11; 125000; 35
2023-01-18 15:36:41; hka-aqm-n009;  21.56;  30.97;   615;   737;   276;    49;     1;     2;  -134;  -134; -15.0; drag-lps8-01; 7; 11; 125000; 38
2023-01-18 15:39:42; hka-aqm-n009;  21.57;  30.97;   642;   751;   321;    62;     1;     2;  -136;  -136; -16.2; drag-lps8-01; 0; 11; 125000; 39
2023-01-18 16:58:40; hka-aqm-n009;  20.36;  26.97;   645;   620;    15;     3;     3;    12;  -136;  -136; -17.0; drag-lps8-01; 7; 11; 125000; 44
2023-01-18 17:04:00; hka-aqm-n009;  20.42;  28.36;   684;   689;   125;    15;     1;     3;  -134;  -134; -13.5; drag-lps8-01; 5; 11; 125000; 45
2023-01-18 17:08:40; hka-aqm-n009;  20.58;  28.67;   672;   730;    28;     5;     0;     0;  -133;  -133; -12.0; drag-lps8-01; 0; 11; 125000; 46
2023-01-18 17:25:21; hka-aqm-n009;  20.98;  29.21;   676;   820;     6;     0;     1;     0;  -134;  -134; -14.5; drag-lps8-01; 6; 11; 125000; 47
2023-01-18 17:42:00; hka-aqm-n009;  21.28;  29.35;   678;   847;     6;     0;     1;     0;  -133;  -133; -13.8; drag-lps8-01; 2; 11; 125000; 48
2023-01-18 17:58:37; hka-aqm-n009;  21.48;  29.52;   678;   889;     6;     0;     0;     0;  -133;  -133; -13.2; drag-lps8-01; 5; 11; 125000; 49
2023-01-18 18:06:20; hka-aqm-n009;  21.57;  29.62;   677;   941;   106;    23;     1;     0;  -133;  -133; -13.8; drag-lps8-01; 6; 11; 125000; 50
2023-01-18 18:09:21; hka-aqm-n009;  21.54;  28.23;   652;  1194;   141;    16;     1;     0;  -134;  -134; -14.5; drag-lps8-01; 7; 11; 125000; 51
2023-01-18 18:29:01; hka-aqm-n009;  20.32;  26.56;   532;   940;   140;    17;     1;     1;  -133;  -133; -14.0; drag-lps8-01; 6; 11; 125000; 53
2023-01-18 18:45:40; hka-aqm-n009;  20.24;  29.21;   579;  1029;   130;    16;     1;     1;  -133;  -133; -13.8; drag-lps8-01; 5; 11; 125000; 55
2023-01-18 19:03:48; hka-aqm-n009;  20.85;  29.62;   649;  1420;   124;    14;     1;     1;  -132;  -132; -14.2; drag-lps8-01; 1; 11; 125000; 56
2023-01-18 19:18:20; hka-aqm-n009;  21.27;  29.75;   672;  1602;    24;     4;     1;     1;  -136;  -136; -16.8; drag-lps8-01; 2; 11; 125000; 57
