# Logfile LoRaWAN TTN/TTS V3 logger version hka-log V 1.1
date_time;device_id;tmp;hum;CO2;VOC;vis;IR;WIFI;BLE;rssi;channel_rssi;snr;gateway;channel_index;spreading_factor;bandwidth;f_cnt
2023-06-13 00:24:49; hka-aqm-n112;  23.05;  39.33;   442;   862;    27;     2;     3;    13;  -131;  -131; -12.2; drag-lps8-01; 5; 11; 125000; 13883
2023-06-13 00:41:27; hka-aqm-n112;  23.02;  39.56;   441;   781;    29;     5;     1;     0;  -133;  -133; -12.8; drag-lps8-01; 5; 11; 125000; 13884
2023-06-13 00:58:05; hka-aqm-n112;  23.02;  40.12;   451;   849;    27;     2;     1;     0;  -136;  -136; -14.8; drag-lps8-01; 7; 11; 125000; 13885
2023-06-13 01:14:42; hka-aqm-n112;  23.04;  40.25;   458;   898;    27;     2;     1;     0;  -132;  -132; -14.0; drag-lps8-01; 6; 11; 125000; 13886
2023-06-13 01:32:50; hka-aqm-n112;  23.01;  40.41;   457;   975;    27;     2;     1;     0;  -132;  -132; -14.0; drag-lps8-01; 6; 11; 125000; 13887
2023-06-13 02:04:38; hka-aqm-n112;  22.94;  40.28;   461;   854;    27;     2;     0;     0;  -133;  -133; -13.8; drag-lps8-01; 3; 11; 125000; 13889
2023-06-13 02:21:16; hka-aqm-n112;  22.92;  39.56;   454;   830;    27;     2;     0;     0;  -131;  -131; -12.2; drag-lps8-01; 5; 11; 125000; 13890
2023-06-13 02:37:57; hka-aqm-n112;  22.92;  39.10;   459;   858;    29;     5;     0;     0;  -139;  -139; -16.0; drag-lps8-01; 0; 11; 125000; 13891
2023-06-13 02:54:35; hka-aqm-n112;  22.88;  38.83;   451;   826;    27;     2;     0;     0;  -133;  -133; -14.0; drag-lps8-01; 6; 11; 125000; 13892
2023-06-13 03:14:13; hka-aqm-n112;  22.85;  38.87;   457;   777;    29;     5;     3;    13;  -132;  -132; -12.2; drag-lps8-01; 5; 11; 125000; 13894
2023-06-13 03:30:51; hka-aqm-n112;  22.85;  38.57;   451;   774;    27;     2;     0;     0;  -133;  -133; -13.8; drag-lps8-01; 3; 11; 125000; 13895
2023-06-13 03:47:31; hka-aqm-n112;  22.82;  38.51;   454;   786;    27;     2;     3;    13;  -133;  -133; -12.0; drag-lps8-01; 4; 11; 125000; 13896
2023-06-13 04:05:39; hka-aqm-n112;  22.80;  38.37;   447;   822;    27;     2;     0;     0;  -134;  -134; -14.5; drag-lps8-01; 7; 11; 125000; 13897
2023-06-13 04:23:50; hka-aqm-n112;  22.78;  38.44;   455;   816;    27;     2;     3;    13;  -133;  -133; -13.2; drag-lps8-01; 3; 11; 125000; 13898
2023-06-13 04:41:59; hka-aqm-n112;  22.77;  38.37;   454;   826;    29;     5;     0;     0;  -131;  -131; -12.2; drag-lps8-01; 5; 11; 125000; 13899
2023-06-13 05:00:07; hka-aqm-n112;  22.70;  38.37;   454;   819;    27;     3;     0;     0;  -135;  -135; -15.0; drag-lps8-01; 7; 11; 125000; 13900
2023-06-13 05:18:16; hka-aqm-n112;  22.71;  38.44;   461;   883;    27;     3;     0;     0;  -135;  -135; -13.8; drag-lps8-01; 3; 11; 125000; 13901
2023-06-13 05:37:54; hka-aqm-n112;  22.70;  38.70;   460;   832;    30;     5;     0;     0;  -139;  -139; -16.0; drag-lps8-01; 0; 11; 125000; 13902
2023-06-13 05:54:32; hka-aqm-n112;  22.68;  39.23;   471;   783;    29;     4;     3;    13;  -136;  -136; -15.5; drag-lps8-01; 7; 11; 125000; 13903
2023-06-13 06:11:10; hka-aqm-n112;  22.69;  39.56;   464;   855;    36;     6;     3;    13;  -141;  -141; -18.0; drag-lps8-01; 0; 11; 125000; 13905
2023-06-13 06:27:49; hka-aqm-n112;  22.70;  39.76;   458;   875;    72;    18;     3;    13;  -134;  -134; -14.5; drag-lps8-01; 3; 11; 125000; 13906
2023-06-13 06:44:26; hka-aqm-n112;  22.68;  40.41;   459;   854;    71;    17;     1;     0;  -132;  -132; -12.0; drag-lps8-01; 5; 11; 125000; 13907
2023-06-13 07:01:04; hka-aqm-n112;  22.54;  40.94;   468;   819;    67;    16;     1;     0;  -132;  -132; -12.8; drag-lps8-01; 4; 11; 125000; 13908
2023-06-13 07:17:41; hka-aqm-n112;  22.54;  41.20;   454;   876;    57;    13;     1;     0;  -133;  -133; -11.8; drag-lps8-01; 5; 11; 125000; 13909
2023-06-13 07:34:19; hka-aqm-n112;  22.49;  41.59;   447;   769;    51;    12;     1;     0;  -131;  -131; -12.2; drag-lps8-01; 6; 11; 125000; 13910
2023-06-13 07:50:57; hka-aqm-n112;  22.50;  42.41;   438;   943;    44;     9;     0;     0;  -132;  -132; -11.0; drag-lps8-01; 4; 11; 125000; 13911
2023-06-13 08:07:35; hka-aqm-n112;  22.43;  42.38;   440;   882;    32;     4;     0;     0;  -134;  -134; -12.5; drag-lps8-01; 0; 11; 125000; 13912
2023-06-13 08:24:12; hka-aqm-n112;  22.41;  41.82;   442;   868;    32;     4;     3;    13;  -130;  -130; -11.8; drag-lps8-01; 6; 11; 125000; 13913
2023-06-13 08:40:50; hka-aqm-n112;  22.42;  40.54;   437;   792;    35;     6;     3;    13;  -133;  -133; -12.8; drag-lps8-01; 3; 11; 125000; 13914
2023-06-13 09:12:36; hka-aqm-n112;  22.47;  36.52;   433;   714;    32;     4;     2;     1;  -137;  -137; -13.0; drag-lps8-01; 0; 11; 125000; 13917
2023-06-13 09:27:43; hka-aqm-n112;  22.50;  34.86;   435;   720;    33;     4;     1;     0;  -132;  -132; -12.0; drag-lps8-01; 7; 11; 125000; 13918
2023-06-13 09:42:51; hka-aqm-n112;  22.53;  33.59;   431;   674;    32;     4;     3;    13;  -132;  -132; -12.5; drag-lps8-01; 4; 11; 125000; 13919
2023-06-13 09:57:58; hka-aqm-n112;  22.52;  33.42;   420;   659;    34;     5;     1;     2;  -132;  -132; -12.2; drag-lps8-01; 6; 11; 125000; 13920
2023-06-13 10:13:05; hka-aqm-n112;  22.54;  33.12;   433;   705;    39;     7;     0;     0;  -134;  -134; -13.5; drag-lps8-01; 7; 11; 125000; 13921
2023-06-13 10:43:19; hka-aqm-n112;  22.66;  33.32;   417;   731;    37;     7;     0;     1;  -133;  -133; -13.0; drag-lps8-01; 3; 11; 125000; 13923
2023-06-13 10:58:26; hka-aqm-n112;  22.74;  33.59;   414;   773;    36;     6;     0;     2;  -133;  -133; -14.2; drag-lps8-01; 1; 11; 125000; 13924
2023-06-13 11:13:35; hka-aqm-n112;  22.86;  33.82;   419;   727;    35;     6;     0;     1;  -132;  -132; -11.5; drag-lps8-01; 4; 11; 125000; 13925
2023-06-13 11:28:42; hka-aqm-n112;  23.02;  34.02;   449;   761;    60;    14;     0;     0;  -132;  -132; -12.5; drag-lps8-01; 5; 11; 125000; 13926
2023-06-13 11:58:56; hka-aqm-n112;  23.39;  34.72;   501;   946;    56;    13;     1;     4;  -136;  -136; -14.5; drag-lps8-01; 0; 11; 125000; 13928
2023-06-13 12:29:10; hka-aqm-n112;  23.59;  34.59;   513;   963;    55;    13;     5;    13;  -134;  -134; -13.0; drag-lps8-01; 7; 11; 125000; 13930
2023-06-13 12:44:17; hka-aqm-n112;  23.68;  34.66;   513;   981;    55;    13;     2;     2;  -131;  -131; -12.0; drag-lps8-01; 5; 11; 125000; 13931
2023-06-13 13:00:55; hka-aqm-n112;  23.74;  33.55;   469;   882;    34;     5;     1;     0;  -134;  -134; -13.0; drag-lps8-01; 3; 11; 125000; 13933
2023-06-13 13:09:39; hka-aqm-n112;  23.82;  35.46;  1116;  1488;    44;     8;     5;    13;  -133;  -133; -13.0; drag-lps8-01; 3; 11; 125000; 13934
2023-06-13 13:11:10; hka-aqm-n112;  23.81;  33.66;  1189;  1839;    53;     9;     1;     4;  -132;  -132; -12.5; drag-lps8-01; 6; 11; 125000; 13935
2023-06-13 13:27:48; hka-aqm-n112;  23.80;  32.89;   434;   806;    48;     7;     2;     4;  -132;  -132; -11.0; drag-lps8-01; 5; 11; 125000; 13937
2023-06-13 16:30:48; hka-aqm-n112;  24.16;  30.77;   435;   601;   111;    31;     2;    10;  -134;  -134; -16.8; drag-lps8-01; 4; 11; 125000; 13948
2023-06-13 17:04:04; hka-aqm-n112;  24.22;  31.07;   486;   833;   114;    30;     0;     0;  -135;  -135; -17.2; drag-lps8-01; 3; 11; 125000; 13950
2023-06-13 19:00:29; hka-aqm-n112;  24.07;  29.21;   421;   678;    56;    14;     3;    10;  -136;  -136; -15.5; drag-lps8-01; 4; 11; 125000; 13957
2023-06-13 19:18:40; hka-aqm-n112;  24.04;  29.01;   419;   561;    48;    10;     3;    10;  -135;  -135; -13.8; drag-lps8-01; 3; 11; 125000; 13958
2023-06-13 19:33:48; hka-aqm-n112;  24.00;  28.47;   425;   639;    45;     9;     3;    10;  -132;  -132; -12.2; drag-lps8-01; 6; 11; 125000; 13959
2023-06-13 19:50:26; hka-aqm-n112;  23.98;  28.87;   417;   643;    44;     8;     1;     0;  -134;  -134; -13.5; drag-lps8-01; 3; 11; 125000; 13960
2023-06-13 20:07:03; hka-aqm-n112;  24.00;  29.11;   419;   671;    40;     8;     0;     0;  -132;  -132; -12.0; drag-lps8-01; 4; 11; 125000; 13961
2023-06-13 20:23:41; hka-aqm-n112;  23.96;  29.69;   431;   687;    35;     5;     0;     0;  -137;  -137; -13.8; drag-lps8-01; 0; 11; 125000; 13962
2023-06-13 20:40:18; hka-aqm-n112;  23.92;  30.16;   422;   655;    34;     6;     0;     0;  -136;  -136; -16.2; drag-lps8-01; 1; 11; 125000; 13963
2023-06-13 20:56:56; hka-aqm-n112;  23.82;  30.60;   422;   699;    31;     5;     0;     0;  -132;  -132; -11.8; drag-lps8-01; 5; 11; 125000; 13964
2023-06-13 21:13:35; hka-aqm-n112;  23.68;  30.94;   424;   711;    28;     3;     0;     0;  -135;  -135; -14.0; drag-lps8-01; 0; 11; 125000; 13965
2023-06-13 21:30:14; hka-aqm-n112;  23.52;  31.61;   432;   756;    27;     3;     0;     0;  -132;  -132; -11.8; drag-lps8-01; 4; 11; 125000; 13967
2023-06-13 21:48:22; hka-aqm-n112;  23.36;  31.98;   427;   650;    29;     5;     0;     0;  -131;  -131; -12.8; drag-lps8-01; 6; 11; 125000; 13968
2023-06-13 22:06:30; hka-aqm-n112;  23.21;  32.58;   432;   797;    29;     5;     1;     0;  -136;  -136; -15.8; drag-lps8-01; 1; 11; 125000; 13969
2023-06-13 22:24:38; hka-aqm-n112;  23.08;  33.32;   435;   837;    27;     2;     0;     0;  -138;  -138; -14.5; drag-lps8-01; 0; 11; 125000; 13970
2023-06-13 22:41:16; hka-aqm-n112;  22.99;  33.66;   438;   845;    27;     3;     1;     0;  -136;  -136; -14.8; drag-lps8-01; 0; 11; 125000; 13972
2023-06-13 22:59:29; hka-aqm-n112;  23.02;  33.59;   438;   928;    27;     2;     3;    10;  -133;  -133; -13.2; drag-lps8-01; 6; 11; 125000; 13973
2023-06-13 23:19:08; hka-aqm-n112;  23.01;  33.79;   444;   949;    27;     2;     0;     0;  -132;  -132; -13.2; drag-lps8-01; 3; 11; 125000; 13974
2023-06-13 23:35:45; hka-aqm-n112;  22.98;  34.19;   441;   930;    27;     2;     1;     0;  -132;  -132; -11.8; drag-lps8-01; 5; 11; 125000; 13975
2023-06-13 23:53:54; hka-aqm-n112;  22.98;  34.29;   447;   981;    27;     2;     0;     0;  -132;  -132; -11.5; drag-lps8-01; 4; 11; 125000; 13976
