# Logfile LoRaWAN TTN/TTS V3 logger version hka-log V 1.1
date_time;device_id;tmp;hum;CO2;VOC;vis;IR;WIFI;BLE;rssi;channel_rssi;snr;gateway;channel_index;spreading_factor;bandwidth;f_cnt
2023-07-12 00:01:44; hka-aqm-n214;  25.44;  66.57;   411;  1181;    45;     6;     1;     1;   -99;   -99;   8.0; drag-lps8-01; 2; 8; 125000; 20653
2023-07-12 00:16:50; hka-aqm-n214;  25.41;  66.57;   406;  1242;     6;     0;     2;     2;  -100;  -100;  10.2; drag-lps8-01; 3; 8; 125000; 20654
2023-07-12 00:31:56; hka-aqm-n214;  25.34;  66.93;   411;  1201;     8;     3;     2;     2;  -100;  -100;  10.5; drag-lps8-01; 7; 8; 125000; 20655
2023-07-12 00:47:02; hka-aqm-n214;  25.26;  67.20;   405;  1263;     6;     1;     0;     0;   -98;   -98;  10.0; drag-lps8-01; 1; 8; 125000; 20656
2023-07-12 01:02:09; hka-aqm-n214;  25.22;  67.38;   405;  1203;     8;     2;     2;     2;   -99;   -99;  10.5; drag-lps8-01; 7; 8; 125000; 20657
2023-07-12 01:17:16; hka-aqm-n214;  25.20;  67.53;   405;  1221;     6;     0;     2;     2;   -99;   -99;  10.2; drag-lps8-01; 6; 8; 125000; 20658
2023-07-12 01:32:22; hka-aqm-n214;  25.13;  67.62;   405;  1212;     6;     1;     1;     0;   -99;   -99;   7.5; drag-lps8-01; 5; 8; 125000; 20659
2023-07-12 01:47:31; hka-aqm-n214;  25.11;  67.68;   413;  1206;     6;     0;     2;     2;   -99;   -99;  10.2; drag-lps8-01; 3; 8; 125000; 20660
2023-07-12 02:02:37; hka-aqm-n214;  25.07;  67.65;   408;  1228;     6;     0;     0;     0;   -98;   -98;   9.8; drag-lps8-01; 4; 8; 125000; 20661
2023-07-12 02:17:43; hka-aqm-n214;  25.05;  67.86;   405;  1192;     6;     1;     0;     0;  -100;  -100;   8.2; drag-lps8-01; 2; 8; 125000; 20662
2023-07-12 02:32:50; hka-aqm-n214;  25.04;  67.89;   410;  1204;     6;     1;     2;     2;  -101;  -101;  11.8; drag-lps8-01; 0; 8; 125000; 20663
2023-07-12 02:47:57; hka-aqm-n214;  25.00;  67.86;   408;  1178;     6;     0;     0;     0;   -99;   -99;  10.0; drag-lps8-01; 1; 8; 125000; 20664
2023-07-12 03:03:03; hka-aqm-n214;  25.03;  67.98;   409;  1153;     6;     1;     1;     0;  -100;  -100;  10.5; drag-lps8-01; 0; 8; 125000; 20665
2023-07-12 03:18:09; hka-aqm-n214;  24.98;  68.01;   407;  1179;     6;     0;     2;     2;  -100;  -100;  11.0; drag-lps8-01; 7; 8; 125000; 20666
2023-07-12 03:33:16; hka-aqm-n214;  24.98;  67.98;   407;  1142;     8;     2;     0;     0;  -100;  -100;   8.8; drag-lps8-01; 2; 8; 125000; 20667
2023-07-12 03:48:22; hka-aqm-n214;  24.95;  67.95;   406;  1137;     6;     0;     1;     0;   -98;   -98;  10.8; drag-lps8-01; 6; 8; 125000; 20668
2023-07-12 04:03:31; hka-aqm-n214;  24.94;  67.89;   410;  1067;     6;     0;     2;     2;   -91;   -91;   8.0; drag-lps8-01; 5; 8; 125000; 20669
2023-07-12 04:18:37; hka-aqm-n214;  24.90;  67.95;   406;  1138;     6;     0;     0;     0;  -100;  -100;  10.0; drag-lps8-01; 3; 8; 125000; 20670
2023-07-12 04:33:43; hka-aqm-n214;  24.97;  67.50;   418;  1076;     8;     3;     0;     0;   -99;   -99;  11.0; drag-lps8-01; 4; 8; 125000; 20671
2023-07-12 04:48:50; hka-aqm-n214;  24.92;  67.62;   408;  1105;     6;     0;     2;     2;  -100;  -100;  10.5; drag-lps8-01; 1; 8; 125000; 20672
2023-07-12 05:03:56; hka-aqm-n214;  24.90;  67.83;   412;  1073;     6;     0;     1;     0;   -99;   -99;  11.0; drag-lps8-01; 4; 8; 125000; 20673
2023-07-12 05:19:02; hka-aqm-n214;  24.89;  67.71;   408;  1110;     8;     3;     1;     0;  -100;  -100;   9.8; drag-lps8-01; 7; 8; 125000; 20674
2023-07-12 05:34:11; hka-aqm-n214;  24.91;  67.59;   410;  1111;     9;     3;     2;     2;   -99;   -99;   9.0; drag-lps8-01; 5; 8; 125000; 20675
2023-07-12 05:49:17; hka-aqm-n214;  24.92;  67.35;   406;  1109;     8;     1;     0;     0;  -100;  -100;   8.5; drag-lps8-01; 2; 8; 125000; 20676
2023-07-12 06:04:23; hka-aqm-n214;  25.02;  66.99;   407;  1143;    11;     2;     0;     0;   -93;   -93;   9.8; drag-lps8-01; 6; 8; 125000; 20677
2023-07-12 06:19:29; hka-aqm-n214;  24.96;  67.08;   408;  1124;    20;     8;     2;     2;  -100;  -100;  10.5; drag-lps8-01; 0; 8; 125000; 20678
2023-07-12 06:34:36; hka-aqm-n214;  24.93;  67.38;   408;  1145;    15;     4;     1;     0;  -101;  -101;  10.8; drag-lps8-01; 3; 8; 125000; 20679
2023-07-12 06:49:42; hka-aqm-n214;  24.93;  67.38;   411;  1144;    20;     6;     1;     0;   -99;   -99;  11.5; drag-lps8-01; 4; 8; 125000; 20680
2023-07-12 07:04:49; hka-aqm-n214;  24.82;  67.83;   412;  1044;    27;     8;     2;     2;  -100;  -100;   8.8; drag-lps8-01; 2; 8; 125000; 20681
2023-07-12 07:19:56; hka-aqm-n214;  24.79;  68.10;   408;  1095;    27;     9;     0;     0;   -99;   -99;   8.2; drag-lps8-01; 5; 8; 125000; 20682
2023-07-12 07:35:02; hka-aqm-n214;  24.73;  68.58;   408;  1001;    31;    10;     0;     0;  -101;  -101;  11.5; drag-lps8-01; 1; 8; 125000; 20683
2023-07-12 07:50:09; hka-aqm-n214;  24.74;  68.46;   405;   995;    34;    12;     2;     2;  -101;  -101;  10.8; drag-lps8-01; 3; 8; 125000; 20684
2023-07-12 08:05:15; hka-aqm-n214;  24.71;  68.37;   419;   975;    50;    20;     0;     0;  -101;  -101;  11.5; drag-lps8-01; 7; 8; 125000; 20685
2023-07-12 08:20:21; hka-aqm-n214;  24.68;  68.43;   408;  1034;    63;    25;     1;     0;  -100;  -100;  11.5; drag-lps8-01; 6; 8; 125000; 20686
2023-07-12 08:35:29; hka-aqm-n214;  24.68;  68.34;   410;  1053;    60;    23;     2;     2;  -101;  -101;  11.8; drag-lps8-01; 0; 8; 125000; 20687
2023-07-12 08:50:36; hka-aqm-n214;  24.66;  67.92;   407;   997;    76;    32;     0;     0;  -100;  -100;   8.5; drag-lps8-01; 5; 8; 125000; 20688
2023-07-12 09:05:42; hka-aqm-n214;  24.62;  67.71;   410;   986;    90;    38;     0;     0;   -99;   -99;   9.5; drag-lps8-01; 0; 8; 125000; 20689
2023-07-12 09:20:50; hka-aqm-n214;  24.66;  67.38;   408;   946;    85;    36;     2;     2;  -100;  -100;   8.0; drag-lps8-01; 2; 8; 125000; 20690
2023-07-12 09:35:57; hka-aqm-n214;  24.64;  67.47;   410;   815;    83;    34;     0;     0;   -99;   -99;  10.8; drag-lps8-01; 4; 8; 125000; 20691
2023-07-12 09:51:03; hka-aqm-n214;  24.64;  66.93;   408;   881;    88;    37;     1;     0;  -101;  -101;  11.8; drag-lps8-01; 3; 8; 125000; 20692
2023-07-12 10:06:09; hka-aqm-n214;  24.61;  66.60;   408;   802;   100;    43;     2;     2;  -100;  -100;  10.0; drag-lps8-01; 7; 8; 125000; 20693
2023-07-12 10:21:15; hka-aqm-n214;  24.64;  66.54;   416;   882;   111;    49;     0;     0;   -97;   -97;  10.2; drag-lps8-01; 6; 8; 125000; 20694
2023-07-12 10:29:49; hka-aqm-n214;  24.64;  66.24;   408;   854;   124;    54;     2;     2;   -99;   -99;   9.2; drag-lps8-01; 1; 8; 125000; 20695
2023-07-12 10:37:10; hka-aqm-n214;  24.62;  65.72;   412;   863;   118;    50;     1;     0;  -100;  -100;   9.5; drag-lps8-01; 7; 8; 125000; 20696
2023-07-12 10:37:29; hka-aqm-n214;  24.63;  65.69;   410;   859;    65;    24;     1;     0;  -100;  -100;  10.0; drag-lps8-01; 1; 8; 125000; 20697
2023-07-12 10:43:09; hka-aqm-n214;  24.62;  65.33;   409;   865;   114;    50;     1;     0;   -99;   -99;   6.8; drag-lps8-01; 5; 8; 125000; 20698
2023-07-12 10:44:30; hka-aqm-n214;  24.60;  65.15;   410;   852;    57;    19;     1;     0;   -99;   -99;  10.8; drag-lps8-01; 4; 8; 125000; 20699
2023-07-12 10:44:49; hka-aqm-n214;  24.62;  65.15;   409;   847;   119;    51;     1;     0;   -99;   -99;   9.5; drag-lps8-01; 3; 8; 125000; 20700
2023-07-12 10:59:55; hka-aqm-n214;  24.62;  63.54;   414;   873;   103;    43;     0;     0;  -101;  -101;   8.5; drag-lps8-01; 2; 8; 125000; 20701
2023-07-12 11:15:01; hka-aqm-n214;  24.63;  62.22;   407;   861;   110;    45;     1;     0;  -100;  -100;  10.0; drag-lps8-01; 0; 8; 125000; 20702
2023-07-12 11:30:09; hka-aqm-n214;  24.64;  60.97;   410;   820;   109;    45;     2;     2;  -100;  -100;  10.8; drag-lps8-01; 6; 8; 125000; 20703
2023-07-12 11:45:15; hka-aqm-n214;  24.65;  59.52;   409;   848;   108;    44;     0;     0;   -99;   -99;   8.0; drag-lps8-01; 5; 8; 125000; 20704
2023-07-12 12:00:22; hka-aqm-n214;  24.68;  59.06;   405;   800;   115;    47;     1;     0;  -101;  -101;  11.2; drag-lps8-01; 0; 8; 125000; 20705
2023-07-12 12:15:30; hka-aqm-n214;  24.63;  59.06;   412;   827;   127;    51;     2;     2;  -100;  -100;  11.2; drag-lps8-01; 4; 8; 125000; 20706
2023-07-12 12:24:28; hka-aqm-n214;  24.70;  58.78;   406;   870;    82;    28;     2;     3;  -100;  -100;  10.8; drag-lps8-01; 1; 8; 125000; 20707
2023-07-12 12:26:08; hka-aqm-n214;  24.70;  58.87;   405;   854;    67;    21;     1;     0;   -98;   -98;   9.8; drag-lps8-01; 6; 8; 125000; 20708
2023-07-12 12:27:50; hka-aqm-n214;  24.69;  58.78;   409;   888;   143;    58;     1;     0;  -101;  -101;  11.0; drag-lps8-01; 3; 8; 125000; 20709
2023-07-12 12:32:29; hka-aqm-n214;  24.69;  58.56;   408;   785;   138;    55;     1;     0;  -100;  -100;  11.0; drag-lps8-01; 7; 8; 125000; 20710
2023-07-12 12:44:08; hka-aqm-n214;  24.75;  58.47;   406;   793;    77;    25;     1;     0;   -99;   -99;   7.5; drag-lps8-01; 2; 8; 125000; 20711
2023-07-12 12:46:08; hka-aqm-n214;  24.72;  58.56;   410;   840;   139;    56;     1;     0;   -99;   -99;   8.2; drag-lps8-01; 5; 8; 125000; 20712
2023-07-12 13:01:15; hka-aqm-n214;  24.73;  58.41;   408;   877;   126;    49;     0;     0;  -101;  -101;  11.5; drag-lps8-01; 7; 8; 125000; 20713
2023-07-12 13:16:21; hka-aqm-n214;  24.75;  58.62;   414;   846;   131;    52;     0;     0;   -99;   -99;  11.5; drag-lps8-01; 6; 8; 125000; 20714
2023-07-12 13:21:49; hka-aqm-n214;  24.73;  58.59;   406;   822;    82;    34;     2;     4;   -99;   -99;  12.0; drag-lps8-01; 4; 8; 125000; 20715
2023-07-12 13:36:56; hka-aqm-n214;  24.77;  58.50;   408;   851;   107;    40;     0;     0;  -101;  -101;  11.2; drag-lps8-01; 0; 8; 125000; 20716
2023-07-12 13:52:02; hka-aqm-n214;  24.80;  58.25;   410;   862;   133;    54;     1;     0;  -100;  -100;  10.5; drag-lps8-01; 3; 8; 125000; 20717
2023-07-12 14:07:08; hka-aqm-n214;  24.77;  57.91;   409;   806;   126;    50;     2;     5;   -98;   -98;  10.2; drag-lps8-01; 1; 8; 125000; 20718
2023-07-12 14:22:15; hka-aqm-n214;  24.78;  56.73;   413;   768;   122;    49;     0;     4;  -100;  -100;   7.8; drag-lps8-01; 2; 8; 125000; 20719
2023-07-12 14:37:21; hka-aqm-n214;  24.82;  55.98;   412;   821;   158;    55;     2;     7;   -99;   -99;  10.2; drag-lps8-01; 4; 8; 125000; 20720
2023-07-12 14:52:29; hka-aqm-n214;  25.00;  54.98;   410;   812;   150;    50;     2;    15;  -128;  -128; -10.5; drag-lps8-08; 5; 8; 125000; 20721
2023-07-12 15:07:36; hka-aqm-n214;  25.16;  54.38;   412;   784;   142;    46;     1;     6;  -100;  -100;  10.5; drag-lps8-01; 7; 8; 125000; 20722
2023-07-12 15:22:42; hka-aqm-n214;  25.26;  53.72;   414;   756;   146;    49;     2;     5;   -99;   -99;   8.2; drag-lps8-01; 2; 8; 125000; 20723
2023-07-12 15:37:49; hka-aqm-n214;  25.35;  53.40;   405;   830;   132;    43;     3;    15;   -98;   -98;   9.2; drag-lps8-01; 6; 8; 125000; 20724
2023-07-12 15:53:10; hka-aqm-n214;  25.36;  52.74;   406;   901;   115;    37;     3;    15;   -99;   -99;  10.5; drag-lps8-01; 1; 8; 125000; 20726
2023-07-12 16:08:16; hka-aqm-n214;  25.45;  52.05;   407;   898;   131;    45;     0;     7;  -101;  -101;  10.5; drag-lps8-01; 3; 8; 125000; 20727
2023-07-12 16:23:22; hka-aqm-n214;  25.50;  51.76;   413;  1251;   110;    34;     0;     6;  -101;  -101;  11.2; drag-lps8-01; 0; 8; 125000; 20728
2023-07-12 16:38:30; hka-aqm-n214;  25.56;  51.38;   408;  1137;   109;    33;     3;    15;  -100;  -100;   8.2; drag-lps8-01; 2; 8; 125000; 20729
2023-07-12 16:53:36; hka-aqm-n214;  25.57;  50.81;   409;  1248;   111;    34;     2;     7;   -98;   -98;  11.0; drag-lps8-01; 4; 8; 125000; 20730
2023-07-12 17:08:42; hka-aqm-n214;  25.59;  50.49;   411;  1324;   105;    32;     3;     7;   -99;   -99;  10.5; drag-lps8-01; 7; 8; 125000; 20731
2023-07-12 17:23:50; hka-aqm-n214;  25.62;  50.30;   411;  1201;    99;    29;     3;    15;   -98;   -98;  10.5; drag-lps8-01; 1; 8; 125000; 20732
2023-07-12 17:38:56; hka-aqm-n214;  25.57;  50.24;   419;  1140;    90;    24;     0;     2;   -99;   -99;  11.2; drag-lps8-01; 6; 8; 125000; 20733
2023-07-12 17:54:02; hka-aqm-n214;  25.56;  50.56;   405;  1153;    80;    20;     0;     2;   -99;   -99;   8.2; drag-lps8-01; 5; 8; 125000; 20734
2023-07-12 18:09:09; hka-aqm-n214;  25.54;  50.40;   407;  1061;    78;    19;     3;    15;  -100;  -100;  10.5; drag-lps8-01; 3; 8; 125000; 20735
2023-07-12 18:24:16; hka-aqm-n214;  25.55;  50.49;   405;   986;    73;    18;     1;     0;  -102;  -102;  11.5; drag-lps8-01; 0; 8; 125000; 20736
2023-07-12 18:39:22; hka-aqm-n214;  25.52;  50.27;   406;   901;    66;    14;     2;     1;  -100;  -100;  10.8; drag-lps8-01; 6; 8; 125000; 20737
2023-07-12 18:54:28; hka-aqm-n214;  25.49;  50.14;   406;   863;    71;    16;     3;    15;  -101;  -101;  10.2; drag-lps8-01; 1; 8; 125000; 20738
2023-07-12 19:09:34; hka-aqm-n214;  25.46;  49.85;   409;   829;    67;    15;     0;     1;  -101;  -101;   8.5; drag-lps8-01; 2; 8; 125000; 20739
2023-07-12 19:24:41; hka-aqm-n214;  25.46;  49.76;   412;   834;    62;    13;     1;     0;  -102;  -102;  11.8; drag-lps8-01; 7; 8; 125000; 20740
2023-07-12 19:39:49; hka-aqm-n214;  25.45;  49.73;   414;   825;    60;    12;     3;    15;  -100;  -100;  11.0; drag-lps8-01; 4; 8; 125000; 20741
2023-07-12 19:54:56; hka-aqm-n214;  25.44;  49.66;   411;   843;    53;     8;     2;     0;   -99;   -99;   7.8; drag-lps8-01; 5; 8; 125000; 20742
2023-07-12 20:10:02; hka-aqm-n214;  25.46;  49.60;   409;  1081;    51;     7;     0;     1;  -102;  -102;  10.5; drag-lps8-01; 3; 8; 125000; 20743
2023-07-12 20:25:09; hka-aqm-n214;  25.42;  49.79;   413;   921;    50;     7;     3;    15;  -101;  -101;   8.2; drag-lps8-01; 2; 8; 125000; 20744
2023-07-12 20:40:16; hka-aqm-n214;  25.34;  49.79;   414;   794;    11;     4;     0;     0;  -101;  -101;  10.8; drag-lps8-01; 3; 8; 125000; 20745
2023-07-12 20:55:22; hka-aqm-n214;  25.19;  49.73;   408;   803;     8;     1;     0;     0;  -101;  -101;   7.5; drag-lps8-01; 5; 8; 125000; 20746
2023-07-12 21:10:28; hka-aqm-n214;  25.23;  49.85;   408;   792;    48;     7;     3;    15;  -101;  -101;  11.0; drag-lps8-01; 7; 8; 125000; 20747
2023-07-12 21:25:35; hka-aqm-n214;  25.27;  49.98;   414;   828;    43;     5;     0;     0;   -99;   -99;  10.2; drag-lps8-01; 4; 8; 125000; 20748
2023-07-12 21:40:41; hka-aqm-n214;  25.26;  50.24;   409;   878;     6;     1;     0;     0;  -100;  -100;   9.2; drag-lps8-01; 1; 8; 125000; 20749
2023-07-12 21:55:49; hka-aqm-n214;  25.12;  50.46;   410;   801;     6;     1;     3;    15;   -99;   -99;  10.2; drag-lps8-01; 6; 8; 125000; 20750
2023-07-12 22:10:56; hka-aqm-n214;  25.03;  50.71;   413;   747;     6;     0;     1;     0;  -102;  -102;  11.2; drag-lps8-01; 0; 8; 125000; 20751
2023-07-12 22:26:02; hka-aqm-n214;  24.94;  50.56;   412;   770;     6;     0;     0;     0;  -100;  -100;  10.5; drag-lps8-01; 1; 8; 125000; 20752
2023-07-12 22:41:09; hka-aqm-n214;  24.94;  49.76;   412;   756;     6;     2;     3;    15;  -101;  -101;  10.8; drag-lps8-01; 7; 8; 125000; 20753
2023-07-12 22:56:16; hka-aqm-n214;  24.88;  49.18;   411;   698;     6;     0;     0;     0;  -100;  -100;   8.2; drag-lps8-01; 5; 8; 125000; 20754
2023-07-12 23:11:22; hka-aqm-n214;  25.05;  48.96;   410;   816;     6;     1;     1;     0;   -98;   -98;   9.8; drag-lps8-01; 6; 8; 125000; 20755
2023-07-12 23:26:29; hka-aqm-n214;  25.06;  48.64;   413;   826;     6;     0;     3;    15;   -99;   -99;  10.5; drag-lps8-01; 4; 8; 125000; 20756
2023-07-12 23:41:35; hka-aqm-n214;  25.07;  48.58;   405;   828;     6;     0;     2;     0;  -101;  -101;   8.0; drag-lps8-01; 2; 8; 125000; 20757
2023-07-12 23:56:41; hka-aqm-n214;  25.06;  48.42;   411;   809;     8;     2;     0;     0;  -102;  -102;  11.0; drag-lps8-01; 0; 8; 125000; 20758
