# Logfile LoRaWAN TTN/TTS V3 logger version hka-log V 1.1
date_time;device_id;tmp;hum;CO2;VOC;vis;IR;WIFI;BLE;rssi;channel_rssi;snr;gateway;channel_index;spreading_factor;bandwidth;f_cnt
2023-04-05 00:01:01; hka-aqm-n108;  20.96;  19.39;   446;  1037;     9;     3;     4;     7;  -111;  -111;   3.8; drag-lps8-01; 4; 7; 125000; 7665
2023-04-05 00:16:07; hka-aqm-n108;  20.95;  19.39;   441;  1111;     7;     1;     4;     7;  -111;  -111;   4.8; drag-lps8-01; 1; 7; 125000; 7666
2023-04-05 00:31:14; hka-aqm-n108;  20.94;  19.53;   451;  1156;     9;     3;     4;     7;  -113;  -113;   5.0; drag-lps8-01; 7; 7; 125000; 7667
2023-04-05 00:46:20; hka-aqm-n108;  20.93;  19.39;   443;  1135;     7;     1;     4;     7;  -113;  -113;   5.5; drag-lps8-01; 0; 7; 125000; 7668
2023-04-05 01:01:27; hka-aqm-n108;  20.92;  19.67;   451;  1179;     7;     1;     4;     7;  -114;  -114;   3.8; drag-lps8-01; 4; 7; 125000; 7669
2023-04-05 01:16:33; hka-aqm-n108;  20.92;  19.81;   449;  1106;     7;     1;     4;     7;  -111;  -111;   4.2; drag-lps8-01; 2; 7; 125000; 7670
2023-04-05 01:31:41; hka-aqm-n108;  20.94;  19.88;   450;  1070;     7;     1;     4;     7;  -112;  -112;   5.0; drag-lps8-01; 1; 7; 125000; 7671
2023-04-05 01:46:47; hka-aqm-n108;  20.91;  19.95;   441;  1034;     9;     3;     4;     7;  -113;  -113;   3.5; drag-lps8-01; 6; 7; 125000; 7672
2023-04-05 02:01:53; hka-aqm-n108;  20.92;  20.09;   449;  1011;     7;     1;     4;     7;  -113;  -113;   4.8; drag-lps8-01; 7; 7; 125000; 7673
2023-04-05 02:17:00; hka-aqm-n108;  20.90;  19.95;   449;  1008;     7;     1;     4;     7;  -112;  -112;   3.2; drag-lps8-01; 3; 7; 125000; 7674
2023-04-05 02:32:06; hka-aqm-n108;  20.90;  20.09;   455;  1035;     7;     1;     4;     7;  -114;  -114;   3.0; drag-lps8-01; 5; 7; 125000; 7675
2023-04-05 02:47:12; hka-aqm-n108;  20.89;  19.64;   445;  1025;     7;     1;     4;     7;  -111;  -111;   3.0; drag-lps8-01; 3; 7; 125000; 7676
2023-04-05 03:02:20; hka-aqm-n108;  20.91;  19.78;   449;  1037;     7;     1;     4;     7;  -111;  -111;   3.5; drag-lps8-01; 6; 7; 125000; 7677
2023-04-05 03:17:26; hka-aqm-n108;  20.89;  19.71;   449;  1075;     7;     1;     4;     7;  -109;  -109;   5.8; drag-lps8-01; 1; 7; 125000; 7678
2023-04-05 03:32:32; hka-aqm-n108;  20.89;  19.57;   451;   954;     7;     1;     4;     7;  -113;  -113;   5.5; drag-lps8-01; 7; 7; 125000; 7679
2023-04-05 03:47:41; hka-aqm-n108;  20.89;  19.60;   457;  1113;     7;     1;     4;     7;  -114;  -114;   3.5; drag-lps8-01; 5; 7; 125000; 7680
2023-04-05 04:02:47; hka-aqm-n108;  20.87;  19.60;   447;  1110;     8;     1;     4;     7;  -113;  -113;   5.0; drag-lps8-01; 4; 7; 125000; 7681
2023-04-05 04:17:53; hka-aqm-n108;  20.89;  19.60;   451;  1138;     7;     1;     4;     7;  -111;  -111;   4.5; drag-lps8-01; 2; 7; 125000; 7682
2023-04-05 04:33:00; hka-aqm-n108;  20.89;  19.53;   443;  1080;     9;     3;     4;     7;  -113;  -113;   6.0; drag-lps8-01; 0; 7; 125000; 7683
2023-04-05 04:48:06; hka-aqm-n108;  20.88;  19.50;   452;  1120;     7;     1;     4;     7;  -112;  -112;   3.5; drag-lps8-01; 6; 7; 125000; 7684
2023-04-05 05:03:12; hka-aqm-n108;  20.87;  19.53;   455;  1067;     7;     1;     4;     7;  -113;  -113;   4.5; drag-lps8-01; 4; 7; 125000; 7685
2023-04-05 05:18:20; hka-aqm-n108;  20.88;  19.53;   461;  1131;     7;     1;     4;     7;  -111;  -111;   5.0; drag-lps8-01; 1; 7; 125000; 7686
2023-04-05 05:33:27; hka-aqm-n108;  20.82;  19.43;   452;  1048;     9;     3;     4;     7;  -114;  -114;   4.5; drag-lps8-01; 7; 7; 125000; 7687
2023-04-05 05:48:33; hka-aqm-n108;  20.76;  19.39;   461;   889;     7;     1;     4;     7;  -114;  -114;   5.8; drag-lps8-01; 0; 7; 125000; 7688
2023-04-05 06:03:40; hka-aqm-n108;  20.77;  19.32;   458;   963;     7;     1;     4;     7;  -112;  -112;   3.2; drag-lps8-01; 3; 7; 125000; 7689
2023-04-05 06:18:47; hka-aqm-n108;  20.78;  19.29;   460;  1014;     7;     1;     4;     7;  -112;  -112;   3.8; drag-lps8-01; 5; 7; 125000; 7690
2023-04-05 06:33:53; hka-aqm-n108;  20.78;  19.25;   455;  1018;     7;     1;     4;     7;  -109;  -109;   4.2; drag-lps8-01; 2; 7; 125000; 7691
2023-04-05 06:49:00; hka-aqm-n108;  20.80;  19.53;   464;  1084;     7;     1;     4;     7;  -125;  -125;  -6.2; drag-lps8-01; 5; 7; 125000; 7692
2023-04-05 07:04:06; hka-aqm-n108;  20.83;  19.81;   489;  1216;     8;     1;     4;     7;  -119;  -119;  -2.2; drag-lps8-01; 6; 7; 125000; 7693
2023-04-05 07:19:12; hka-aqm-n108;  20.88;  19.88;   495;  1220;     8;     1;     4;     7;  -113;  -113;   2.0; drag-lps8-01; 1; 7; 125000; 7694
2023-04-05 07:33:00; hka-aqm-n108;  20.91;  19.74;   499;  1849;    10;     1;     4;     7;  -126;  -126;  -7.5; drag-lps8-01; 7; 7; 125000; 7695
2023-04-05 07:33:19; hka-aqm-n108;  20.92;  19.81;   497;  2150;     9;     1;     1;     1;  -114;  -114;   2.5; drag-lps8-01; 0; 7; 125000; 7696
2023-04-05 07:33:39; hka-aqm-n108;  20.91;  19.74;   496;  2444;     9;     1;     0;     1;  -113;  -113;   4.8; drag-lps8-01; 4; 7; 125000; 7697
2023-04-05 07:34:00; hka-aqm-n108;  20.92;  19.74;   495;  2685;    12;     4;     0;     1;  -115;  -115;   0.8; drag-lps8-01; 2; 7; 125000; 7698
2023-04-05 07:34:20; hka-aqm-n108;  20.91;  19.74;   495;  2841;    12;     4;     0;     1;  -111;  -111;   4.2; drag-lps8-01; 3; 7; 125000; 7699
2023-04-05 07:37:00; hka-aqm-n108;  20.92;  19.67;   492;  2465;    10;     1;     1;     1;  -112;  -112;   5.2; drag-lps8-01; 4; 7; 125000; 7700
2023-04-05 07:52:06; hka-aqm-n108;  20.97;  19.95;   519;  1448;    10;     2;     1;    11;  -111;  -111;   3.5; drag-lps8-01; 1; 7; 125000; 7701
2023-04-05 08:07:12; hka-aqm-n108;  21.00;  20.02;   516;  1325;    10;     2;     2;    11;  -115;  -115;   1.5; drag-lps8-01; 7; 7; 125000; 7702
2023-04-05 08:22:19; hka-aqm-n108;  20.95;  19.81;   503;  1259;    11;     2;     2;    11;  -117;  -117;   1.0; drag-lps8-01; 5; 7; 125000; 7703
2023-04-05 08:37:25; hka-aqm-n108;  20.93;  19.36;   472;  1104;    13;     4;     2;    11;  -114;  -114;   3.2; drag-lps8-01; 3; 7; 125000; 7704
2023-04-05 08:52:31; hka-aqm-n108;  20.94;  19.67;   478;  1219;    14;     4;     2;    11;  -114;  -114;   1.5; drag-lps8-01; 6; 7; 125000; 7705
2023-04-05 09:07:40; hka-aqm-n108;  20.96;  19.32;   469;  1097;    11;     2;     2;    11;  -111;  -111;   4.5; drag-lps8-01; 2; 7; 125000; 7706
2023-04-05 09:22:46; hka-aqm-n108;  20.91;  19.19;   451;  1045;    12;     3;     2;    11;  -114;  -114;   5.5; drag-lps8-01; 0; 7; 125000; 7707
2023-04-05 09:34:20; hka-aqm-n108; 112.67; 289.36; 14553; 16680;  3591;  1024;     2;    13;  -111;  -111;   5.8; drag-lps8-01; 7; 7; 125000; 7708
2023-04-05 09:34:39; hka-aqm-n108;  20.90;  19.12;  9850; 11447;    12;     3;     1;     0;  -111;  -111;   5.5; drag-lps8-01; 2; 7; 125000; 7709
2023-04-05 09:34:58; hka-aqm-n108;  20.90;  19.05;  6713;  7961;    11;     2;     1;     0;  -112;  -112;   4.5; drag-lps8-01; 6; 7; 125000; 7710
2023-04-05 09:35:19; hka-aqm-n108;  20.92;  18.98;  4622;  5638;    11;     2;     2;     1;  -113;  -113;   4.0; drag-lps8-01; 5; 7; 125000; 7711
2023-04-05 09:35:40; hka-aqm-n108;  20.92;  18.91;  3228;  4104;    11;     2;     2;     1;  -112;  -112;   6.0; drag-lps8-01; 0; 7; 125000; 7712
2023-04-05 09:35:59; hka-aqm-n108;  20.92;  18.91;  2299;  3061;    11;     2;     2;     0;  -109;  -109;   6.0; drag-lps8-01; 4; 7; 125000; 7713
2023-04-05 09:36:18; hka-aqm-n108;  20.93;  18.91;  1679;  2289;    11;     2;     2;     0;  -109;  -109;   6.8; drag-lps8-01; 1; 7; 125000; 7714
2023-04-05 09:36:40; hka-aqm-n108;  20.93;  18.98;  1266;  1824;    14;     4;     1;     0;  -112;  -112;   4.5; drag-lps8-01; 3; 7; 125000; 7715
2023-04-05 09:36:59; hka-aqm-n108;  20.93;  18.98;   991;  1539;    11;     2;     1;     0;  -113;  -113;   1.0; drag-lps8-01; 6; 7; 125000; 7716
2023-04-05 09:37:18; hka-aqm-n108;  20.92;  18.98;   807;  1346;    11;     2;     0;     0;  -111;  -111;   4.5; drag-lps8-01; 5; 7; 125000; 7717
2023-04-05 09:37:38; hka-aqm-n108;  20.92;  18.91;   686;  1218;    14;     4;     1;     1;  -111;  -111;   4.8; drag-lps8-01; 1; 7; 125000; 7718
2023-04-05 09:37:58; hka-aqm-n108;  20.92;  18.91;   604;  1129;    14;     4;     1;     1;  -114;  -114;   4.0; drag-lps8-01; 4; 7; 125000; 7719
2023-04-05 09:38:19; hka-aqm-n108;  20.92;  18.91;   548;  1067;    11;     2;     1;     1;  -113;  -113;   4.2; drag-lps8-01; 7; 7; 125000; 7720
2023-04-05 09:38:40; hka-aqm-n108;  20.92;  18.91;   511;  1056;    11;     2;     1;     0;  -109;  -109;   5.0; drag-lps8-01; 3; 7; 125000; 7721
2023-04-05 09:53:46; hka-aqm-n108;  20.91;  18.87;   448;   904;    14;     4;     2;     4;  -111;  -111;   4.2; drag-lps8-01; 2; 7; 125000; 7722
2023-04-05 10:08:52; hka-aqm-n108;  20.95;  18.91;   440;   931;    11;     2;     2;     4;  -111;  -111;   6.0; drag-lps8-01; 0; 7; 125000; 7723
2023-04-05 10:24:00; hka-aqm-n108;  20.95;  18.87;   445;   850;    11;     2;     2;     4;  -111;  -111;   6.0; drag-lps8-01; 1; 7; 125000; 7724
2023-04-05 10:39:06; hka-aqm-n108;  20.96;  18.84;   437;   816;    14;     4;     3;     4;  -112;  -112;   3.8; drag-lps8-01; 4; 7; 125000; 7725
2023-04-05 10:54:13; hka-aqm-n108;  20.97;  18.63;   436;   859;    11;     2;     3;     4;  -112;  -112;   7.0; drag-lps8-01; 0; 7; 125000; 7726
2023-04-05 11:09:20; hka-aqm-n108;  20.98;  18.52;   439;   831;    11;     2;     3;     4;  -109;  -109;   5.2; drag-lps8-01; 2; 7; 125000; 7727
2023-04-05 11:24:26; hka-aqm-n108;  21.02;  18.28;   433;   867;    45;     7;     3;     4;  -115;  -115;   2.5; drag-lps8-01; 7; 7; 125000; 7728
2023-04-05 11:39:32; hka-aqm-n108;  21.36;  19.25;   563;  1036;    58;    13;     3;     4;  -109;  -109;   6.0; drag-lps8-01; 3; 7; 125000; 7729
2023-04-05 11:54:40; hka-aqm-n108;  21.50;  19.08;   596;  1077;    20;     6;     3;     4;  -113;  -113;   3.5; drag-lps8-01; 5; 7; 125000; 7730
2023-04-05 12:09:46; hka-aqm-n108;  21.32;  18.21;   476;   849;    23;     8;     3;     4;  -111;  -111;   4.2; drag-lps8-01; 6; 7; 125000; 7731
2023-04-05 12:24:52; hka-aqm-n108;  21.27;  17.86;   441;   740;    20;     6;     3;     4;  -107;  -107;   6.5; drag-lps8-01; 3; 7; 125000; 7732
2023-04-05 12:40:00; hka-aqm-n108;  21.22;  17.79;   439;   708;    22;     7;     3;     4;  -109;  -109;   4.8; drag-lps8-01; 2; 7; 125000; 7733
2023-04-05 12:55:06; hka-aqm-n108;  21.38;  18.28;   510;   964;    36;     8;     3;     4;  -111;  -111;   5.0; drag-lps8-01; 5; 7; 125000; 7734
2023-04-05 13:10:12; hka-aqm-n108;  21.32;  18.14;   488;   909;    20;     6;     3;     4;  -109;  -109;   5.0; drag-lps8-01; 4; 7; 125000; 7735
2023-04-05 13:25:20; hka-aqm-n108;  21.28;  18.07;   447;   744;    20;     6;     3;     4;  -113;  -113;   5.0; drag-lps8-01; 0; 7; 125000; 7736
2023-04-05 13:40:26; hka-aqm-n108;  21.28;  18.14;   431;   694;    20;     6;     3;     4;  -110;  -110;   4.8; drag-lps8-01; 1; 7; 125000; 7737
2023-04-05 13:55:32; hka-aqm-n108;  21.25;  17.72;   428;   676;    20;     6;     3;     5;  -109;  -109;   7.5; drag-lps8-01; 6; 7; 125000; 7738
2023-04-05 14:10:39; hka-aqm-n108;  21.26;  17.79;   439;   699;    20;     6;     3;     5;  -112;  -112;   6.0; drag-lps8-01; 7; 7; 125000; 7739
2023-04-05 14:25:46; hka-aqm-n108;  21.25;  17.72;   429;   689;    20;     6;     3;     5;  -109;  -109;   7.0; drag-lps8-01; 4; 7; 125000; 7740
2023-04-05 14:40:52; hka-aqm-n108;  21.23;  17.44;   438;   651;    20;     6;     3;     5;  -108;  -108;   5.5; drag-lps8-01; 3; 7; 125000; 7741
2023-04-05 14:55:58; hka-aqm-n108;  21.23;  17.37;   428;   617;    20;     6;     3;     5;  -112;  -112;   5.5; drag-lps8-01; 0; 7; 125000; 7742
2023-04-05 15:11:04; hka-aqm-n108;  21.24;  17.30;   429;   605;    20;     6;     3;     5;  -112;  -112;   4.8; drag-lps8-01; 6; 7; 125000; 7743
2023-04-05 15:26:11; hka-aqm-n108;  21.22;  17.37;   428;   641;    20;     6;     3;     5;  -111;  -111;   5.2; drag-lps8-01; 5; 7; 125000; 7744
2023-04-05 15:41:18; hka-aqm-n108;  21.24;  16.88;   426;   630;    20;     6;     3;     5;  -110;  -110;   5.5; drag-lps8-01; 1; 7; 125000; 7745
2023-04-05 15:56:24; hka-aqm-n108;  21.23;  17.16;   424;   669;    20;     6;     3;     5;  -113;  -113;   5.8; drag-lps8-01; 7; 7; 125000; 7746
2023-04-05 16:11:30; hka-aqm-n108;  21.23;  16.11;   421;   642;    20;     6;     3;     5;  -108;  -108;   5.0; drag-lps8-01; 2; 7; 125000; 7747
2023-04-05 16:26:39; hka-aqm-n108;  21.22;  15.09;   424;   611;    19;     6;     3;     5;  -111;  -111;   5.0; drag-lps8-01; 5; 7; 125000; 7748
2023-04-05 16:41:46; hka-aqm-n108;  21.22;  15.55;   424;   650;    21;     7;     3;     5;  -109;  -109;   4.5; drag-lps8-01; 6; 7; 125000; 7749
2023-04-05 16:56:52; hka-aqm-n108;  21.21;  14.84;   426;   615;    19;     5;     3;     5;  -112;  -112;   6.8; drag-lps8-01; 7; 7; 125000; 7750
2023-04-05 17:11:59; hka-aqm-n108;  21.20;  14.14;   427;   694;    18;     5;     3;     5;  -109;  -109;   4.8; drag-lps8-01; 3; 7; 125000; 7751
2023-04-05 17:27:05; hka-aqm-n108;  21.20;  13.93;   437;   658;    20;     7;     3;     5;  -111;  -111;   5.0; drag-lps8-01; 0; 7; 125000; 7752
2023-04-05 17:42:11; hka-aqm-n108;  21.19;  13.50;   431;   728;    16;     4;     3;     5;  -109;  -109;   6.2; drag-lps8-01; 1; 7; 125000; 7753
2023-04-05 17:57:19; hka-aqm-n108;  21.18;  13.15;   431;   705;    18;     6;     3;     5;  -112;  -112;   4.5; drag-lps8-01; 2; 7; 125000; 7754
2023-04-05 18:12:26; hka-aqm-n108;  21.16;  13.22;   426;   690;    14;     3;     3;     5;  -108;  -108;   6.0; drag-lps8-01; 4; 7; 125000; 7755
2023-04-05 18:27:32; hka-aqm-n108;  21.17;  13.50;   429;   650;    13;     3;     1;     0;  -112;  -112;   4.8; drag-lps8-01; 2; 7; 125000; 7756
2023-04-05 18:42:39; hka-aqm-n108;  21.14;  13.65;   423;   637;    13;     2;     3;     5;  -113;  -113;   5.5; drag-lps8-01; 7; 7; 125000; 7757
2023-04-05 19:12:52; hka-aqm-n108;  21.14;  13.93;   432;   658;    10;     2;     1;     0;  -111;  -111;   4.5; drag-lps8-01; 5; 7; 125000; 7759
2023-04-05 19:27:59; hka-aqm-n108;  21.12;  14.42;   424;   678;     9;     1;     3;     5;  -108;  -108;   5.5; drag-lps8-01; 3; 7; 125000; 7760
2023-04-05 19:43:05; hka-aqm-n108;  21.09;  15.48;   430;   744;     8;     1;     3;     5;  -111;  -111;   5.0; drag-lps8-01; 6; 7; 125000; 7761
2023-04-05 19:58:11; hka-aqm-n108;  21.10;  15.76;   430;   729;     7;     1;     3;     5;  -113;  -113;   6.2; drag-lps8-01; 0; 7; 125000; 7762
2023-04-05 20:13:18; hka-aqm-n108;  21.10;  16.25;   433;   847;     7;     1;     3;     5;  -109;  -109;   6.8; drag-lps8-01; 4; 7; 125000; 7763
2023-04-05 20:28:24; hka-aqm-n108;  21.06;  15.90;   434;   767;     9;     2;     3;     5;  -109;  -109;   5.8; drag-lps8-01; 3; 7; 125000; 7764
2023-04-05 20:43:38; hka-aqm-n108;  21.06;  16.39;   434;   921;     7;     1;     3;     5;  -111;  -111;   7.2; drag-lps8-01; 4; 7; 125000; 7766
2023-04-05 20:58:45; hka-aqm-n108;  21.06;  16.29;   442;   940;    10;     3;     3;     5;  -112;  -112;   4.0; drag-lps8-01; 2; 7; 125000; 7767
2023-04-05 21:13:51; hka-aqm-n108;  21.06;  17.02;   446;   904;     9;     3;     0;     0;  -114;  -114;   6.2; drag-lps8-01; 0; 7; 125000; 7768
2023-04-05 21:28:59; hka-aqm-n108;  21.03;  17.02;   438;   875;     7;     1;     3;     5;  -112;  -112;   5.0; drag-lps8-01; 1; 7; 125000; 7769
2023-04-05 21:44:05; hka-aqm-n108;  21.02;  17.30;   445;   938;     7;     1;     3;     5;  -110;  -110;   4.2; drag-lps8-01; 6; 7; 125000; 7770
2023-04-05 21:59:11; hka-aqm-n108;  21.04;  17.51;   440;   918;     7;     1;     1;     0;  -112;  -112;   5.8; drag-lps8-01; 7; 7; 125000; 7771
2023-04-05 22:14:19; hka-aqm-n108;  21.16;  17.51;   440;  1133;     9;     3;     3;     5;  -109;  -109;   4.8; drag-lps8-01; 6; 7; 125000; 7772
2023-04-05 22:29:25; hka-aqm-n108;  21.11;  17.58;   438;  1117;     7;     1;     3;     5;  -108;  -108;   4.8; drag-lps8-01; 1; 7; 125000; 7773
2023-04-05 22:44:31; hka-aqm-n108;  21.06;  17.72;   447;   989;     7;     1;     1;     0;  -111;  -111;   5.0; drag-lps8-01; 5; 7; 125000; 7774
2023-04-05 22:59:37; hka-aqm-n108;  21.02;  17.93;   442;   981;     7;     1;     3;     5;  -113;  -113;   5.8; drag-lps8-01; 7; 7; 125000; 7775
2023-04-05 23:14:44; hka-aqm-n108;  21.02;  18.07;   453;  1029;     7;     1;     3;     5;  -109;  -109;   6.8; drag-lps8-01; 4; 7; 125000; 7776
2023-04-05 23:29:50; hka-aqm-n108;  21.02;  18.14;   445;  1117;     7;     1;     3;     5;  -108;  -108;   5.0; drag-lps8-01; 3; 7; 125000; 7777
2023-04-05 23:44:57; hka-aqm-n108;  20.98;  18.28;   453;  1258;     7;     1;     3;     5;  -112;  -112;   4.2; drag-lps8-01; 2; 7; 125000; 7778
